(4 7 4 1) , 369471,16

(5 1 3 7) , 4944,00

(1 10 1 6) , 4988,00

(10 5 0 7) , 4371,00

(9 11 8 11) , 1943,00

(7 4 3 10) , 4149,00

(2 12 3 5) , 4900,00

(0 9 1 6) , 2235651,75

(4 7 4 1) , 369471,16

----------------------------- 
(4 7 4 1) , 369471,16

(7 12 3 5) , 4667,00

(2 4 3 10) , 4800,00

(2 12 8 5) , 4156,00

(9 11 3 11) , 2944,00

(2 12 3 1) , 2753631,25

(4 7 4 5) , 4975,00

(0 9 1 6) , 2235651,75

(4 7 4 1) , 369471,16

----------------------------- 
(2 12 3 1) , 2753631,25

(2 12 3 1) , 2753631,25

(2 12 3 1) , 2753631,25

(2 12 3 1) , 2753631,25

(7 12 3 5) , 4667,00

(2 12 3 1) , 2753631,25

(4 7 4 5) , 4975,00

(4 7 4 1) , 369471,16

(7 12 3 1) , 3712702,75

(4 7 4 5) , 4975,00

(2 12 3 1) , 2753631,25

(0 9 1 6) , 2235651,75

----------------------------- 
(2 12 3 1) , 2753631,25

(4 7 4 5) , 4975,00

(2 12 3 1) , 2753631,25

(2 7 3 1) , 279645,06

(4 12 4 1) , 3382380,00

(0 9 1 6) , 2235651,75

(2 12 3 1) , 2753631,25

(7 12 3 1) , 3712702,75

(2 12 3 1) , 2753631,25

----------------------------- 
(2 12 3 1) , 2753631,25

(2 7 3 1) , 279645,06

(2 12 3 1) , 2753631,25

(2 12 3 1) , 2753631,25

(2 7 3 1) , 279645,06

(7 12 3 1) , 3712702,75

(2 12 3 1) , 2753631,25

(7 12 3 1) , 3712702,75

(4 12 4 1) , 3382380,00

----------------------------- 
(2 12 3 1) , 2753631,25

(4 12 3 1) , 3125674,25

(2 7 4 1) , 314557,63

(7 7 3 1) , 2504771,25

(2 12 3 1) , 2753631,25

(2 7 3 1) , 279645,06

(2 12 3 1) , 2753631,25

(2 7 1 1) , 214146,48

(7 12 3 1) , 3712702,75

----------------------------- 
(2 12 3 1) , 2753631,25

(2 7 3 1) , 279645,06

(2 12 1 1) , 2282948,50

(2 7 1 1) , 214146,48

(2 12 3 1) , 2753631,25

(4 12 3 1) , 3125674,25

(7 12 3 1) , 3712702,75

(2 12 1 1) , 2282948,50

(7 12 3 1) , 3712702,75

----------------------------- 
(2 12 3 1) , 2753631,25

(2 7 1 1) , 214146,48

(2 12 1 1) , 2282948,50

(7 12 3 1) , 3712702,75

(4 12 3 1) , 3125674,25

(4 12 3 1) , 3125674,25

(2 7 1 1) , 214146,48

(2 2 5 1) , 189907,48

(0 6 3 10) , 4868,00

----------------------------- 
(2 12 3 1) , 2753631,25

(4 12 3 1) , 3125674,25

(2 12 3 1) , 2753631,25

(2 7 1 1) , 214146,48

(2 12 1 1) , 2282948,50

(2 6 3 1) , 247519,95

(0 12 1 10) , 4506,00

(7 12 3 1) , 3712702,75

(4 12 3 1) , 3125674,25

----------------------------- 
(2 12 3 1) , 2753631,25

(4 12 3 1) , 3125674,25

(7 12 3 1) , 3712702,75

(2 12 3 1) , 2753631,25

(7 12 3 1) , 3712702,75

(0 12 3 10) , 4356,00

(4 12 1 1) , 2633187,00

(3 7 4 1) , 341641,00

(10 12 7 1) , 4395,00

----------------------------- 
(2 12 3 1) , 2753631,25

(4 7 1 1) , 262717,94

(3 12 4 1) , 3189210,25

(10 12 7 1) , 4395,00

(2 12 3 1) , 2753631,25

(4 12 1 1) , 2633187,00

(4 12 3 1) , 3125674,25

(2 12 3 1) , 2753631,25

(7 1 8 10) , 3762,00

----------------------------- 
(6 12 0 1) , 2753631,25

(3 12 4 1) , 3189210,25

(2 12 3 1) , 2753631,25

(4 12 1 1) , 2633187,00

(7 1 8 10) , 3762,00

(3 12 4 1) , 3189210,25

(2 12 3 1) , 2753631,25

(4 10 1 1) , 364781,78

(6 12 0 1) , 2753631,25

----------------------------- 
(6 12 0 1) , 2753631,25

(4 12 3 1) , 3125674,25

(2 12 1 1) , 2282948,50

(6 12 0 1) , 2753631,25

(3 12 4 1) , 3189210,25

(3 12 4 1) , 3189210,25

(2 12 3 1) , 2753631,25

(6 12 0 1) , 2753631,25

(3 12 4 1) , 3189210,25

----------------------------- 
(4 12 3 1) , 3125674,25

(3 12 4 1) , 3189210,25

(4 12 3 1) , 3125674,25

(6 12 0 1) , 2753631,25

(2 12 3 1) , 2753631,25

(2 12 1 1) , 2282948,50

(3 12 4 1) , 3189210,25

(7 5 0 1) , 240714,22

(3 12 9 1) , 4417,00

----------------------------- 
(4 12 3 1) , 3125674,25

(4 12 1 1) , 2633187,00

(2 12 3 1) , 2753631,25

(3 12 4 1) , 3189210,25

(2 12 3 1) , 2753631,25

(7 5 3 1) , 2068180,38

(4 12 0 1) , 2397816,25

(6 10 0 1) , 383660,09

(3 0 4 1) , 128907,73

----------------------------- 
(4 12 3 1) , 3125674,25

(7 12 3 1) , 3712702,75

(2 5 3 1) , 216755,36

(4 12 0 1) , 2397816,25

(3 0 4 1) , 128907,73

(4 12 1 1) , 2633187,00

(3 0 4 1) , 128907,73

(10 5 2 1) , 2349723,25

(4 0 0 1) , 54329,50

----------------------------- 
(4 12 3 1) , 3125674,25

(4 12 3 1) , 3125674,25

(7 12 3 1) , 3712702,75

(4 12 0 1) , 2397816,25

(7 12 3 1) , 3712702,75

(7 12 3 1) , 3712702,75

(3 0 4 1) , 128907,73

(4 11 3 1) , 2886145,75

(7 12 3 1) , 3712702,75

----------------------------- 
(4 12 3 1) , 3125674,25

(3 12 4 1) , 3189210,25

(7 0 3 1) , 184932,56

(4 12 0 1) , 2397816,25

(7 12 3 1) , 3712702,75

(7 12 3 1) , 3712702,75

(7 12 3 1) , 3712702,75

(4 11 10 10) , 2662,00

(7 4 3 10) , 4149,00

----------------------------- 
(10 12 5 4) , 4168,00

(7 12 3 10) , 3475,00

(4 4 0 1) , 144524,91

(7 12 3 1) , 3712702,75

(7 12 3 1) , 3712702,75

(7 12 3 1) , 3712702,75

(7 0 3 1) , 184932,56

(10 12 5 4) , 4168,00

(7 0 3 1) , 184932,56

----------------------------- 
(7 12 3 1) , 3712702,75

(7 12 3 1) , 3712702,75

(7 12 3 10) , 3475,00

(7 12 3 1) , 3712702,75

(7 12 3 1) , 3712702,75

(7 12 3 10) , 3475,00

(7 12 3 1) , 3712702,75

(7 12 3 1) , 3712702,75

(7 12 3 10) , 3475,00

(4 6 10 1) , 4818,00

----------------------------- 
(7 9 3 10) , 3819,00

(7 12 3 10) , 3475,00

(7 12 3 1) , 3712702,75

(7 6 3 1) , 2282948,50

(4 12 10 1) , 4154,00

(7 12 3 1) , 3712702,75

(7 12 3 1) , 3712702,75

(7 9 3 10) , 3819,00

(5 12 3 10) , 3879,00

----------------------------- 
(7 12 3 1) , 3712702,75

(7 12 3 1) , 3712702,75

(5 12 3 10) , 3879,00

(7 12 3 10) , 3475,00

(5 12 3 1) , 3317566,25

(4 12 10 10) , 2472,00

(7 9 3 10) , 3819,00

(7 9 3 10) , 3819,00

(1 6 3 6) , 2207434,75

(7 0 3 5) , 1755443,25

----------------------------- 
(7 12 3 1) , 3712702,75

(7 12 3 1) , 3712702,75

(5 12 3 6) , 4643,00

(1 6 3 1) , 223324,53

(1 6 3 6) , 2207434,75

(7 12 3 1) , 3712702,75

(7 12 3 5) , 4667,00

(7 0 3 10) , 4263,00

(7 12 3 1) , 3712702,75

(5 12 7 10) , 3071,00

----------------------------- 
(7 12 9 7) , 3002,00

(7 12 9 7) , 3002,00

(1 6 7 1) , 2170000,75

(5 12 3 10) , 3879,00

(7 12 3 10) , 3475,00

(7 0 3 1) , 184932,56

(1 6 3 6) , 2207434,75

(7 12 3 1) , 3712702,75

(7 12 9 7) , 3002,00

(11 12 1 1) , 4898,00

----------------------------- 
(0 6 7 1) , 2004252,25

(0 6 7 1) , 2004252,25

(1 6 7 1) , 2170000,75

(7 12 9 7) , 3002,00

(11 12 1 1) , 4898,00

(7 12 3 10) , 3475,00

(7 0 1 1) , 128907,73

(11 12 3 1) , 4774,00

(7 11 9 7) , 3207,00

(0 6 7 1) , 2004252,25

----------------------------- 
(0 6 7 1) , 2004252,25

(0 6 7 1) , 2004252,25

(7 6 7 7) , 4221,00

(0 11 9 1) , 4573,00

(1 6 1 1) , 163113,89

(11 12 7 1) , 4188,00

(0 6 1 1) , 142256,23

(7 0 7 1) , 1896253,75

(1 3 5 1) , 196189,39

(1 3 5 1) , 196189,39

----------------------------- 
(0 6 7 1) , 2004252,25

(0 6 7 1) , 2004252,25

(0 6 7 1) , 2004252,25

(1 3 5 1) , 196189,39

(1 3 5 1) , 196189,39

(0 6 9 1) , 4950,00

(0 11 1 1) , 1746765,25

(0 6 9 1) , 4950,00

(0 11 7 1) , 4865,00

(10 0 3 10) , 3672,00

(0 6 7 1) , 2004252,25

----------------------------- 
(0 6 7 1) , 2004252,25

(0 6 7 1) , 2004252,25

(0 6 7 1) , 2004252,25

(0 6 9 1) , 4950,00

(0 6 7 1) , 2004252,25

(0 6 9 1) , 4950,00

(1 3 5 1) , 196189,39

(0 6 9 1) , 4950,00

(1 4 2 1) , 137756,27

(5 3 5 6) , 4860,00

----------------------------- 
(0 6 7 1) , 2004252,25

(0 6 7 1) , 2004252,25

(0 3 5 6) , 1851855,75

(5 6 9 1) , 4909,00

(1 4 2 1) , 137756,27

(1 3 5 1) , 196189,39

(0 4 9 1) , 2022448,25

(1 6 2 1) , 192411,84

(2 3 5 7) , 4943,00

(0 6 7 1) , 2004252,25

----------------------------- 
(0 6 7 1) , 2004252,25

(0 3 5 6) , 1851855,75

(1 4 2 1) , 137756,27

(1 6 2 1) , 192411,84

(0 4 9 1) , 2022448,25

(0 6 7 1) , 2004252,25

(0 6 7 1) , 2004252,25

(0 5 8 1) , 2013343,38

(2 6 5 4) , 2455960,25

----------------------------- 
(5 4 9 6) , 4481,00

(2 6 5 4) , 2455960,25

(1 6 2 1) , 192411,84

(2 6 5 4) , 2455960,25

(0 3 5 6) , 1851855,75

(1 6 7 1) , 2170000,75

(0 4 2 1) , 118137,09

(5 4 9 6) , 4481,00

(2 11 9 2) , 4486,00

----------------------------- 
(2 6 5 4) , 2455960,25

(2 6 5 4) , 2455960,25

(0 4 2 1) , 118137,09

(0 3 5 6) , 1851855,75

(2 11 9 4) , 4274,00

(2 6 5 2) , 346228,03

(1 4 2 1) , 137756,27

(0 6 7 1) , 2004252,25

(5 4 9 6) , 4481,00

(3 3 5 3) , 299841,72

----------------------------- 
(2 6 5 4) , 2455960,25

(2 6 5 4) , 2455960,25

(0 11 9 6) , 4090,00

(2 3 5 4) , 302765,78

(2 4 9 4) , 4920,00

(5 6 5 6) , 4797,00

(0 4 2 1) , 118137,09

(1 6 7 1) , 2170000,75

(2 8 10 2) , 4638,00

(2 0 4 6) , 228627,81

----------------------------- 
(3 12 5 2) , 4992,00

(3 12 5 2) , 4992,00

(3 12 5 2) , 4992,00

(0 6 7 1) , 2004252,25

(1 11 9 6) , 4035,00

(2 8 9 2) , 4846,00

(2 4 10 4) , 4822,00

(2 8 5 4) , 2917022,75

(2 3 10 2) , 2563771,00

(3 12 5 2) , 4992,00

(3 12 5 2) , 4992,00

----------------------------- 
(0 6 7 1) , 2004252,25

(0 6 7 1) , 2004252,25

(3 12 5 2) , 4992,00

(3 12 5 2) , 4992,00

(3 12 5 2) , 4992,00

(3 12 5 2) , 4992,00

(3 12 5 4) , 4883,00

(2 4 10 2) , 4964,00

(5 6 5 2) , 2593444,25

(2 8 9 0) , 4852,00

----------------------------- 
(3 6 7 1) , 2514572,50

(3 6 7 1) , 2514572,50

(3 6 7 1) , 2514572,50

(5 6 5 2) , 2593444,25

(3 12 5 2) , 4992,00

(3 12 9 2) , 4311,00

(2 8 5 0) , 355463,97

(0 6 7 1) , 2004252,25

(0 6 7 1) , 2004252,25

(3 6 7 1) , 2514572,50

(0 4 10 1) , 4964,00

----------------------------- 
(2 6 8 7) , 4694,00

(3 6 7 1) , 2514572,50

(3 12 5 2) , 4992,00

(2 6 7 1) , 2340144,25

(0 8 5 0) , 301302,56

(0 6 9 1) , 4950,00

(3 12 7 2) , 4727,00

(2 6 8 7) , 4694,00

(4 12 10 5) , 3630,00

----------------------------- 
(3 6 7 1) , 2514572,50

(3 6 7 1) , 2514572,50

(3 6 7 1) , 2514572,50

(3 6 7 1) , 2514572,50

(3 12 5 1) , 4992,00

(2 6 7 2) , 2534213,50

(2 8 5 0) , 355463,97

(0 6 8 7) , 4804,00

(2 6 8 7) , 4694,00

(0 6 9 1) , 4950,00

(10 6 9 1) , 4534,00

(3 6 7 1) , 2514572,50

----------------------------- 
(8 3 8 8) , 3892,00

(10 6 9 1) , 4534,00

(3 6 7 1) , 2514572,50

(2 8 5 0) , 355463,97

(10 6 9 1) , 4534,00

(3 12 5 1) , 4992,00

(10 6 9 1) , 4534,00

(8 3 8 8) , 3892,00

(8 3 8 8) , 3892,00

----------------------------- 
(3 6 7 9) , 4417,00

(3 6 7 9) , 4417,00

(3 6 7 9) , 4417,00

(3 6 7 9) , 4417,00

(3 6 7 9) , 4417,00

(3 6 7 9) , 4417,00

(3 6 7 9) , 4417,00

(10 6 9 1) , 4534,00

(10 6 9 1) , 4534,00

(10 6 9 1) , 4534,00

(8 3 8 8) , 3892,00

(8 3 8 8) , 3892,00

(10 6 9 1) , 4534,00

(1 7 4 8) , 4894,00

(3 6 7 9) , 4417,00

----------------------------- 
(5 9 10 1) , 4459,00

(3 6 9 9) , 4101,00

(10 6 7 1) , 4776,00

(3 7 7 8) , 4552,00

(1 6 4 9) , 4833,00

(3 6 4 9) , 4705,00

(1 7 7 8) , 4708,00

(5 9 10 1) , 4459,00

(5 9 10 1) , 4459,00

----------------------------- 
(6 6 7 1) , 3062570,00

(10 6 7 1) , 4776,00

(3 6 9 9) , 4101,00

(5 9 10 1) , 4459,00

(5 9 10 1) , 4459,00

(5 9 10 1) , 4459,00

(3 6 9 9) , 4101,00

(8 4 8 5) , 4352,00

(6 6 7 1) , 3062570,00

----------------------------- 
(6 6 1 5) , 2417145,25

(6 6 1 5) , 2417145,25

(6 6 1 5) , 2417145,25

(6 6 1 5) , 2417145,25

(6 6 8 1) , 4966,00

(8 4 7 5) , 4448,00

(3 6 9 9) , 4101,00

(8 4 8 5) , 4352,00

(5 9 10 1) , 4459,00

(5 9 10 1) , 4459,00

(6 6 1 5) , 2417145,25

(3 9 0 9) , 4810,00

----------------------------- 
(6 6 7 4) , 4782,00

(6 6 7 4) , 4782,00

(6 6 0 1) , 247519,95

(3 9 8 9) , 3885,00

(6 6 1 5) , 2417145,25

(6 6 1 5) , 2417145,25

(8 6 8 5) , 4310,00

(6 4 1 5) , 1986112,38

(3 0 5 7) , 4951,00

(6 6 7 4) , 4782,00

----------------------------- 
(6 6 1 8) , 4768,00

(6 6 1 8) , 4768,00

(6 6 1 8) , 4768,00

(8 6 8 5) , 4310,00

(6 6 1 5) , 2417145,25

(6 6 7 4) , 4782,00

(6 6 7 4) , 4782,00

(6 6 7 5) , 4660,00

(6 6 1 4) , 2226232,50

(6 6 1 8) , 4768,00

(3 3 5 7) , 4888,00

----------------------------- 
(6 6 1 5) , 2417145,25

(6 6 1 5) , 2417145,25

(6 6 1 5) , 2417145,25

(6 6 1 5) , 2417145,25

(6 6 1 5) , 2417145,25

(6 6 1 4) , 2226232,50

(6 6 7 8) , 4192,00

(6 6 1 8) , 4768,00

(6 6 1 4) , 2226232,50

(6 6 1 8) , 4768,00

(6 6 1 8) , 4768,00

(2 6 5 1) , 316042,31

(11 6 5 5) , 4042,00

----------------------------- 
(11 5 4 4) , 4371,00

(11 6 1 5) , 4426,00

(6 6 5 8) , 4384,00

(11 6 1 5) , 4426,00

(6 6 5 5) , 4824,00

(11 6 5 5) , 4042,00

(6 6 1 5) , 2417145,25

(11 5 4 4) , 4371,00

(11 5 4 4) , 4371,00

----------------------------- 
(6 6 1 5) , 2417145,25

(6 6 1 5) , 2417145,25

(6 6 1 5) , 2417145,25

(6 6 1 5) , 2417145,25

(6 6 1 5) , 2417145,25

(6 6 1 5) , 2417145,25

(6 6 1 5) , 2417145,25

(6 6 1 5) , 2417145,25

(11 5 4 4) , 4371,00

(6 6 5 8) , 4384,00

(11 6 1 5) , 4426,00

(6 6 1 5) , 2417145,25

(11 6 5 5) , 4042,00

(6 6 1 5) , 2417145,25

(3 12 6 8) , 4031,00

(7 2 10 6) , 4173,00

----------------------------- 
(5 6 8 0) , 2917022,75

(6 6 1 5) , 2417145,25

(11 6 1 5) , 4426,00

(6 6 1 5) , 2417145,25

(6 6 1 5) , 2417145,25

(6 6 1 5) , 2417145,25

(6 6 1 5) , 2417145,25

(5 6 8 0) , 2917022,75

(5 6 8 0) , 2917022,75

----------------------------- 
(5 6 8 0) , 2917022,75

(6 6 1 5) , 2417145,25

(6 6 1 5) , 2417145,25

(6 6 1 5) , 2417145,25

(6 6 1 5) , 2417145,25

(6 6 1 5) , 2417145,25

(6 6 1 5) , 2417145,25

(6 6 0 8) , 4864,00

(5 6 8 0) , 2917022,75

----------------------------- 
(5 6 8 0) , 2917022,75

(6 6 1 5) , 2417145,25

(5 6 8 0) , 2917022,75

(6 6 1 8) , 4768,00

(6 6 0 5) , 2188690,75

(6 6 1 5) , 2417145,25

(6 6 0 8) , 4864,00

(6 6 1 9) , 4612,00

(6 6 3 8) , 4576,00

----------------------------- 
(5 6 9 6) , 4387,00

(5 6 9 6) , 4387,00

(5 6 8 0) , 2917022,75

(6 6 0 5) , 2188690,75

(6 6 0 8) , 4864,00

(6 6 1 5) , 2417145,25

(5 6 8 0) , 2917022,75

(5 6 8 0) , 2917022,75

(5 6 9 6) , 4387,00

(6 6 1 3) , 2040699,63

----------------------------- 
(0 6 8 0) , 2040699,63

(5 6 0 0) , 197454,16

(6 6 8 5) , 4564,00

(6 6 0 5) , 2188690,75

(5 6 8 0) , 2917022,75

(6 6 1 0) , 253010,84

(5 6 8 5) , 4691,00

(0 6 8 0) , 2040699,63

(6 0 9 4) , 4750,00

----------------------------- 
(0 6 8 4) , 2814531,00

(5 6 8 0) , 2917022,75

(0 6 8 0) , 2040699,63

(0 6 8 0) , 2040699,63

(5 6 8 5) , 4691,00

(6 0 9 5) , 4594,00

(5 6 8 4) , 4775,00

(0 6 8 4) , 2814531,00

(8 4 7 9) , 3755,00

----------------------------- 
(0 6 8 4) , 2814531,00

(0 6 8 4) , 2814531,00

(0 6 8 0) , 2040699,63

(0 6 8 0) , 2040699,63

(0 6 8 4) , 2814531,00

(0 6 8 4) , 2814531,00

(0 6 8 4) , 2814531,00

(5 6 8 4) , 4775,00

(0 6 8 9) , 4628,00

(5 10 8 6) , 4137,00

----------------------------- 
(0 1 5 5) , 216755,36

(0 6 8 4) , 2814531,00

(0 6 8 9) , 4628,00

(0 6 8 4) , 2814531,00

(0 6 8 4) , 2814531,00

(5 10 8 6) , 4137,00

(0 6 8 4) , 2814531,00

(0 1 5 5) , 216755,36

(7 13 8 0) , 4391,00

----------------------------- 
(0 6 8 4) , 2814531,00

(0 6 8 4) , 2814531,00

(0 6 8 4) , 2814531,00

(0 6 8 4) , 2814531,00

(0 1 5 9) , 4931,00

(0 6 8 5) , 4968,00

(0 6 8 9) , 4628,00

(0 1 5 5) , 216755,36

(0 6 5 4) , 352376,19

(4 3 8 4) , 4893,00

----------------------------- 
(0 6 8 4) , 2814531,00

(0 6 8 4) , 2814531,00

(0 6 5 5) , 2301960,50

(0 1 8 5) , 1905176,25

(0 6 5 5) , 2301960,50

(0 1 8 9) , 4745,00

(0 6 8 5) , 4968,00

(0 6 5 4) , 352376,19

(0 4 0 2) , 89778,53

(9 6 7 11) , 3082,00

----------------------------- 
(0 6 8 4) , 2814531,00

(0 6 8 4) , 2814531,00

(0 6 5 4) , 352376,19

(0 6 5 5) , 2301960,50

(0 6 0 2) , 137756,27

(0 4 5 4) , 283932,59

(9 6 8 4) , 4339,00

(0 6 7 11) , 4486,00

(1 4 5 5) , 2040699,63

(0 1 4 9) , 4993,00

----------------------------- 
(0 6 8 4) , 2814531,00

(0 6 8 4) , 2814531,00

(0 6 5 4) , 352376,19

(0 6 8 5) , 4968,00

(0 6 8 4) , 2814531,00

(9 6 5 4) , 4627,00

(0 6 7 4) , 2573649,25

(9 6 8 11) , 2926,00

(0 6 4 4) , 316042,31

(0 6 1 9) , 2151365,00

----------------------------- 
(0 6 8 4) , 2814531,00

(0 6 8 4) , 2814531,00

(0 6 8 4) , 2814531,00

(0 6 8 4) , 2814531,00

(0 6 8 5) , 4968,00

(9 6 8 11) , 2926,00

(0 6 5 4) , 352376,19

(0 6 8 4) , 2814531,00

(0 6 8 5) , 4968,00

(9 10 4 11) , 2942,00

----------------------------- 
(11 3 10 4) , 3867,00

(9 6 4 11) , 3370,00

(0 10 8 4) , 4712,00

(0 6 8 4) , 2814531,00

(0 6 8 4) , 2814531,00

(0 6 8 5) , 4968,00

(0 6 8 4) , 2814531,00

(11 3 10 4) , 3867,00

(11 3 10 4) , 3867,00

----------------------------- 
(0 6 8 4) , 2814531,00

(0 6 8 4) , 2814531,00

(11 6 8 5) , 3754,00

(0 3 10 4) , 4989,00

(11 10 8 4) , 3553,00

(0 3 10 4) , 4989,00

(0 6 8 5) , 4968,00

(0 6 8 4) , 2814531,00

(0 6 8 4) , 2814531,00

(0 6 8 4) , 2814531,00

----------------------------- 
(0 6 8 4) , 2814531,00

(0 6 8 5) , 4968,00

(0 3 10 4) , 4989,00

(0 6 8 4) , 2814531,00

(11 6 8 5) , 3754,00

(0 6 8 5) , 4968,00

(11 6 8 4) , 3951,00

(11 6 4 9) , 3350,00

(9 3 10 11) , 2868,00

----------------------------- 
(0 8 8 5) , 4846,00

(0 8 8 5) , 4846,00

(0 8 8 5) , 4846,00

(0 8 8 5) , 4846,00

(11 6 8 4) , 3951,00

(0 6 8 5) , 4968,00

(11 6 8 4) , 3951,00

(0 6 8 5) , 4968,00

(11 6 4 5) , 4138,00

(11 6 8 9) , 2954,00

(0 8 8 5) , 4846,00

(7 4 10 8) , 3771,00

----------------------------- 
(4 12 5 8) , 4146,00

(0 6 4 5) , 346228,03

(11 8 8 5) , 3602,00

(0 8 8 5) , 4846,00

(0 8 8 5) , 4846,00

(0 8 8 5) , 4846,00

(0 8 8 5) , 4846,00

(4 12 5 8) , 4146,00

(4 12 5 8) , 4146,00

----------------------------- 
(0 6 4 5) , 346228,03

(0 6 4 5) , 346228,03

(0 6 4 5) , 346228,03

(0 6 4 5) , 346228,03

(0 6 4 5) , 346228,03

(0 6 4 5) , 346228,03

(0 6 4 5) , 346228,03

(0 6 4 5) , 346228,03

(0 12 8 8) , 3792,00

(4 8 5 5) , 4892,00

(4 12 5 8) , 4146,00

(4 12 5 8) , 4146,00

(0 12 5 8) , 4416,00

(4 8 8 5) , 4626,00

(3 8 3 9) , 4715,00

(0 12 0 6) , 4848,00

----------------------------- 
(6 0 9 3) , 4866,00

(0 12 0 6) , 4848,00

(0 12 5 8) , 4416,00

(4 12 8 5) , 4046,00

(4 8 5 8) , 4596,00

(0 6 4 5) , 346228,03

(0 6 4 5) , 346228,03

(6 0 9 3) , 4866,00

(6 0 9 3) , 4866,00

----------------------------- 
(0 6 4 5) , 346228,03

(0 6 4 5) , 346228,03

(0 6 4 5) , 346228,03

(0 6 4 5) , 346228,03

(0 6 5 5) , 2301960,50

(4 8 4 8) , 4692,00

(4 12 8 3) , 4358,00

(6 0 9 5) , 4594,00

(6 0 9 8) , 4126,00

(0 12 5 3) , 4992,00

(2 0 9 3) , 1878451,75

(3 12 5 8) , 4251,00

----------------------------- 
(0 6 5 5) , 2301960,50

(0 6 5 5) , 2301960,50

(0 6 5 5) , 2301960,50

(0 6 5 5) , 2301960,50

(6 0 9 5) , 4594,00

(0 6 4 5) , 346228,03

(0 8 4 8) , 4928,00

(4 12 5 3) , 4964,00

(2 6 4 5) , 2417145,25

(0 0 9 3) , 261323,63

(0 6 7 5) , 2773881,25

(10 2 6 3) , 4644,00

----------------------------- 
(0 6 3 8) , 2417145,25

(0 0 9 3) , 261323,63

(0 6 5 5) , 2301960,50

(10 2 6 3) , 4644,00

(4 12 5 3) , 4964,00

(6 12 5 3) , 4854,00

(4 0 9 5) , 4812,00

(0 6 3 8) , 2417145,25

(0 6 3 8) , 2417145,25

----------------------------- 
(0 6 3 8) , 2417145,25

(0 6 3 8) , 2417145,25

(0 6 5 8) , 4908,00

(6 12 3 3) , 4986,00

(10 6 3 8) , 3850,00

(0 2 6 3) , 225970,88

(10 2 3 3) , 4932,00

(0 6 6 8) , 4846,00

(2 2 6 0) , 194927,42

(0 6 3 8) , 2417145,25

----------------------------- 
(0 4 3 8) , 1986112,38

(0 4 3 8) , 1986112,38

(0 4 3 8) , 1986112,38

(0 2 5 8) , 4992,00

(10 6 3 3) , 4835,00

(0 6 3 8) , 2417145,25

(10 6 3 8) , 3850,00

(0 2 3 8) , 1584688,63

(10 6 3 3) , 4835,00

(0 4 3 8) , 1986112,38

(0 2 6 1) , 175119,44

----------------------------- 
(2 10 3 8) , 4722,00

(0 2 5 8) , 4992,00

(0 4 3 8) , 1986112,38

(0 2 3 8) , 1584688,63

(0 4 5 8) , 4950,00

(10 4 3 3) , 4890,00

(0 6 3 8) , 2417145,25

(2 10 3 8) , 4722,00

(2 10 3 8) , 4722,00

----------------------------- 
(0 4 3 8) , 1986112,38

(0 4 3 8) , 1986112,38

(2 10 3 8) , 4722,00

(0 2 5 8) , 4992,00

(10 6 3 8) , 3850,00

(0 4 3 3) , 192411,84

(0 2 3 3) , 137756,27

(10 4 5 8) , 3730,00

(0 2 3 6) , 210253,44

(0 0 8 4) , 255771,61

----------------------------- 
(0 4 3 8) , 1986112,38

(0 4 3 8) , 1986112,38

(0 4 3 8) , 1986112,38

(0 4 3 8) , 1986112,38

(0 2 3 8) , 1584688,63

(2 10 5 8) , 4596,00

(0 10 5 8) , 4706,00

(2 2 3 8) , 1896253,75

(0 0 8 6) , 1878451,75

(0 2 3 4) , 160748,11

(2 1 5 4) , 238010,05

(10 13 3 8) , 3244,00

----------------------------- 
(4 13 1 4) , 4882,00

(10 2 3 8) , 3994,00

(0 13 3 8) , 4531,00

(2 10 3 8) , 4722,00

(0 4 5 8) , 4950,00

(0 10 5 8) , 4706,00

(2 4 3 8) , 4964,00

(4 13 1 4) , 4882,00

(0 10 5 4) , 3020742,00

----------------------------- 
(0 10 5 4) , 3020742,00

(0 10 5 4) , 3020742,00

(0 10 5 4) , 3020742,00

(0 10 5 4) , 3020742,00

(0 10 5 4) , 3020742,00

(0 10 5 4) , 3020742,00

(0 10 5 4) , 3020742,00

(0 10 5 4) , 3020742,00

(2 10 3 4) , 2896425,50

(4 13 1 8) , 4463,00

(10 2 1 8) , 4186,00

(4 13 3 4) , 4875,00

(0 10 5 8) , 4706,00

(0 4 5 8) , 4950,00

(10 2 3 1) , 1932028,25

(6 13 3 8) , 4072,00

----------------------------- 
(4 10 3 7) , 4746,00

(0 10 5 4) , 3020742,00

(0 10 5 8) , 4706,00

(0 10 5 4) , 3020742,00

(0 10 5 8) , 4706,00

(4 13 1 8) , 4463,00

(10 2 1 8) , 4186,00

(4 10 3 7) , 4746,00

(4 10 3 7) , 4746,00

----------------------------- 
(0 10 5 4) , 3020742,00

(0 10 5 4) , 3020742,00

(0 10 5 4) , 3020742,00

(0 10 5 4) , 3020742,00

(4 10 1 8) , 4736,00

(0 13 5 8) , 4226,00

(0 10 5 7) , 4842,00

(4 10 3 4) , 3274591,50

(4 10 3 4) , 3274591,50

(0 10 5 7) , 4842,00

(11 10 8 8) , 2553,00

(2 10 3 7) , 4856,00

----------------------------- 
(10 11 4 4) , 4362,00

(0 10 5 4) , 3020742,00

(0 10 5 4) , 3020742,00

(4 10 3 7) , 4746,00

(2 10 1 8) , 4846,00

(0 13 5 8) , 4226,00

(0 10 5 4) , 3020742,00

(10 11 4 4) , 4362,00

(10 11 4 4) , 4362,00

----------------------------- 
(0 10 5 4) , 3020742,00

(0 10 5 4) , 3020742,00

(0 10 5 4) , 3020742,00

(0 10 5 4) , 3020742,00

(10 10 4 4) , 4398,00

(0 11 5 4) , 3263877,25

(0 10 1 8) , 4884,00

(2 10 5 4) , 3404078,50

(10 3 6 5) , 4261,00

(0 10 5 4) , 3020742,00

----------------------------- 
(7 4 5 9) , 4143,00

(0 10 5 4) , 3020742,00

(0 11 5 4) , 3263877,25

(0 10 5 4) , 3020742,00

(2 10 5 4) , 3404078,50

(0 10 1 8) , 4884,00

(0 10 5 4) , 3020742,00

(7 4 5 9) , 4143,00

(7 10 6 4) , 4701,00

----------------------------- 
(6 10 3 4) , 4946,00

(7 4 5 9) , 4143,00

(0 11 5 4) , 3263877,25

(0 10 1 8) , 4884,00

(0 10 5 4) , 3020742,00

(0 10 5 4) , 3020742,00

(7 4 5 9) , 4143,00

(6 10 3 4) , 4946,00

(6 11 5 4) , 4801,00

----------------------------- 
(0 11 5 4) , 3263877,25

(0 11 5 4) , 3263877,25

(0 11 5 4) , 3263877,25

(6 10 5 4) , 4822,00

(0 10 3 4) , 2534213,50

(6 10 5 4) , 4822,00

(0 11 5 4) , 3263877,25

(0 10 5 4) , 3020742,00

(6 10 3 4) , 4946,00

(0 10 0 6) , 4988,00

(5 4 0 9) , 4877,00

----------------------------- 
(0 11 5 4) , 3263877,25

(0 10 5 4) , 3020742,00

(6 10 5 4) , 4822,00

(6 10 5 4) , 4822,00

(0 11 5 4) , 3263877,25

(0 10 5 4) , 3020742,00

(0 11 5 4) , 3263877,25

(1 1 5 4) , 214146,48

(8 11 7 9) , 2938,00

----------------------------- 
(0 11 7 4) , 4793,00

(6 10 5 4) , 4822,00

(0 10 5 4) , 3020742,00

(0 1 5 4) , 191158,25

(1 11 5 4) , 3458527,50

(6 1 5 4) , 2049846,00

(1 10 5 4) , 3210484,50

(0 11 7 4) , 4793,00

(4 0 5 4) , 1534629,63

----------------------------- 
(0 10 5 4) , 3020742,00

(0 10 5 4) , 3020742,00

(1 11 7 4) , 4745,00

(0 11 5 4) , 3263877,25

(0 10 7 4) , 4892,00

(6 11 5 4) , 4801,00

(1 11 5 4) , 3458527,50

(0 10 5 4) , 3020742,00

(6 10 5 2) , 4986,00

(5 1 6 0) , 235316,31

----------------------------- 
(0 12 5 9) , 4258,00

(0 10 5 2) , 2613290,00

(6 10 5 4) , 4822,00

(6 10 5 4) , 4822,00

(0 10 7 2) , 4922,00

(6 10 5 4) , 4822,00

(0 11 5 4) , 3263877,25

(0 12 5 9) , 4258,00

(1 4 0 7) , 225970,88

----------------------------- 
(0 10 5 2) , 2613290,00

(0 10 5 2) , 2613290,00

(0 10 5 2) , 2613290,00

(0 11 5 2) , 2845148,75

(0 10 5 4) , 3020742,00

(6 4 5 4) , 4948,00

(1 10 0 7) , 4936,00

(6 10 5 4) , 4822,00

(6 10 5 4) , 4822,00

(0 3 5 9) , 4889,00

(0 3 5 9) , 4889,00

----------------------------- 
(0 10 5 2) , 2613290,00

(0 10 5 2) , 2613290,00

(6 10 5 4) , 4822,00

(6 4 5 4) , 4948,00

(0 3 5 2) , 198721,69

(0 10 5 9) , 4548,00

(0 3 5 9) , 4889,00

(0 3 5 9) , 4889,00

(7 12 2 6) , 4579,00

(7 12 2 6) , 4579,00

----------------------------- 
(0 10 8 9) , 4014,00

(0 10 8 9) , 4014,00

(0 10 8 9) , 4014,00

(0 10 8 9) , 4014,00

(6 4 5 9) , 4270,00

(0 3 5 4) , 251634,28

(0 3 5 2) , 198721,69

(0 10 5 9) , 4548,00

(0 3 5 9) , 4889,00

(0 10 5 9) , 4548,00

(0 10 8 9) , 4014,00

(10 4 4 5) , 4417,00

----------------------------- 
(0 3 5 4) , 251634,28

(0 3 5 4) , 251634,28

(0 3 5 4) , 251634,28

(0 3 5 4) , 251634,28

(0 3 5 4) , 251634,28

(0 3 5 4) , 251634,28

(0 10 8 9) , 4014,00

(0 10 8 9) , 4014,00

(0 10 8 9) , 4014,00

(0 3 5 2) , 198721,69

(0 10 8 9) , 4014,00

(0 10 8 9) , 4014,00

(4 4 10 1) , 4958,00

(4 4 10 1) , 4958,00

----------------------------- 
(7 2 6 0) , 1914112,63

(7 2 6 0) , 1914112,63

(4 4 10 4) , 4712,00

(0 3 5 1) , 173905,75

(0 3 5 4) , 251634,28

(0 3 5 4) , 251634,28

(4 3 5 4) , 2142067,75

(0 4 10 1) , 4964,00

(7 2 6 0) , 1914112,63

(7 2 6 0) , 1914112,63

----------------------------- 
(9 7 6 0) , 4986,00

(7 2 5 0) , 283932,59

(0 3 6 4) , 285366,72

(0 2 6 0) , 151404,83

(7 3 5 4) , 4914,00

(7 2 6 4) , 4869,00

(0 3 5 0) , 150250,53

(9 7 6 0) , 4986,00

(4 3 5 4) , 2142067,75

----------------------------- 
(4 3 5 4) , 2142067,75

(4 3 5 4) , 2142067,75

(4 3 5 4) , 2142067,75

(4 3 5 4) , 2142067,75

(4 3 5 4) , 2142067,75

(4 3 5 4) , 2142067,75

(7 2 6 0) , 1914112,63

(9 7 5 0) , 3157388,75

(0 2 5 0) , 124560,34

(7 2 6 0) , 1914112,63

(0 7 6 0) , 302765,78

(9 3 5 0) , 2235651,75

(9 11 6 0) , 4859,00

(4 3 5 4) , 2142067,75

----------------------------- 
(8 2 9 6) , 4142,00

(9 3 5 4) , 4690,00

(4 3 5 0) , 240714,22

(4 3 5 4) , 2142067,75

(4 3 5 4) , 2142067,75

(4 3 5 4) , 2142067,75

(4 3 5 4) , 2142067,75

(8 2 9 6) , 4142,00

(8 2 9 6) , 4142,00

----------------------------- 
(4 3 5 4) , 2142067,75

(4 3 5 4) , 2142067,75

(4 3 5 4) , 2142067,75

(4 3 5 4) , 2142067,75

(4 3 5 4) , 2142067,75

(4 3 5 4) , 2142067,75

(9 2 9 4) , 4327,00

(8 3 5 6) , 4505,00

(4 4 5 0) , 272548,50

(4 3 5 4) , 2142067,75

----------------------------- 
(4 12 5 4) , 4828,00

(4 3 5 4) , 2142067,75

(4 3 5 4) , 2142067,75

(4 3 9 4) , 4831,00

(9 2 5 4) , 4711,00

(4 3 9 4) , 4831,00

(9 2 5 4) , 4711,00

(4 12 5 4) , 4828,00

(4 5 3 4) , 2123513,75

----------------------------- 
(10 12 5 11) , 2257,00

(10 12 5 11) , 2257,00

(9 2 9 4) , 4327,00

(4 3 5 4) , 2142067,75

(4 3 9 4) , 4831,00

(4 3 9 4) , 4831,00

(4 2 3 4) , 253010,84

(9 5 5 4) , 4648,00

(10 12 5 11) , 2257,00

(4 3 9 11) , 3849,00

----------------------------- 
(5 2 2 0) , 144524,91

(5 2 2 0) , 144524,91

(5 2 2 0) , 144524,91

(5 2 2 0) , 144524,91

(5 2 2 0) , 144524,91

(5 2 2 0) , 144524,91

(5 2 2 0) , 144524,91

(5 2 2 0) , 144524,91

(4 3 9 4) , 4831,00

(9 2 9 4) , 4327,00

(10 12 9 4) , 3200,00

(4 3 5 11) , 4233,00

(10 12 5 11) , 2257,00

(10 12 5 11) , 2257,00

(5 2 2 0) , 144524,91

(11 2 8 5) , 3898,00

----------------------------- 
(5 9 9 4) , 4349,00

(4 2 2 4) , 220688,84

(5 3 9 0) , 2465696,50

(4 3 2 0) , 150250,53

(5 2 5 11) , 4127,00

(10 12 5 11) , 2257,00

(5 2 2 0) , 144524,91

(5 9 9 4) , 4349,00

(5 9 9 4) , 4349,00

----------------------------- 
(5 3 9 0) , 2465696,50

(5 3 9 0) , 2465696,50

(5 3 9 0) , 2465696,50

(5 3 9 0) , 2465696,50

(5 3 9 0) , 2465696,50

(5 3 9 0) , 2465696,50

(5 3 9 0) , 2465696,50

(5 9 9 4) , 4349,00

(5 9 9 4) , 4349,00

(10 12 2 11) , 2727,00

(4 3 5 0) , 240714,22

(4 3 9 0) , 2292448,00

(5 9 2 4) , 2968729,75

(7 2 6 11) , 3736,00

(5 3 9 0) , 2465696,50

----------------------------- 
(6 9 9 4) , 4260,00

(10 12 2 11) , 2727,00

(5 9 9 4) , 4349,00

(5 9 9 4) , 4349,00

(5 9 2 4) , 2968729,75

(5 3 9 0) , 2465696,50

(4 3 5 0) , 240714,22

(6 9 9 4) , 4260,00

(6 9 9 4) , 4260,00

----------------------------- 
(5 9 2 4) , 2968729,75

(5 9 2 4) , 2968729,75

(5 9 2 4) , 2968729,75

(5 9 2 4) , 2968729,75

(10 9 9 4) , 3653,00

(6 12 2 11) , 3555,00

(6 12 9 4) , 3852,00

(10 9 2 11) , 3045,00

(10 12 2 4) , 4470,00

(5 9 2 11) , 4066,00

(5 9 2 4) , 2968729,75

(5 3 9 0) , 2465696,50

----------------------------- 
(5 9 2 4) , 2968729,75

(5 9 2 4) , 2968729,75

(5 9 2 4) , 2968729,75

(5 9 2 4) , 2968729,75

(10 9 2 11) , 3045,00

(6 12 2 11) , 3555,00

(5 3 9 0) , 2465696,50

(5 9 2 4) , 2968729,75

(5 9 2 4) , 2968729,75

(5 9 2 4) , 2968729,75

----------------------------- 
(5 9 2 4) , 2968729,75

(5 9 2 4) , 2968729,75

(5 9 2 4) , 2968729,75

(5 9 2 4) , 2968729,75

(5 9 2 4) , 2968729,75

(5 9 2 4) , 2968729,75

(5 9 2 4) , 2968729,75

(5 10 6 5) , 4733,00

(5 9 2 4) , 2968729,75

----------------------------- 
(5 9 2 4) , 2968729,75

(5 9 2 4) , 2968729,75

(5 9 2 4) , 2968729,75

(5 9 2 4) , 2968729,75

(5 9 2 4) , 2968729,75

(5 9 2 4) , 2968729,75

(5 9 2 4) , 2968729,75

(5 10 2 4) , 3210484,50

(11 9 2 4) , 4419,00

----------------------------- 
(5 9 2 4) , 2968729,75

(11 9 2 4) , 4419,00

(5 9 2 4) , 2968729,75

(5 10 2 4) , 3210484,50

(5 9 2 4) , 2968729,75

(5 9 2 4) , 2968729,75

(5 9 2 4) , 2968729,75

(5 10 2 11) , 3974,00

(5 10 2 11) , 3974,00

----------------------------- 
(5 9 2 4) , 2968729,75

(5 9 2 4) , 2968729,75

(5 9 2 4) , 2968729,75

(5 10 2 4) , 3210484,50

(5 9 2 4) , 2968729,75

(5 9 2 4) , 2968729,75

(11 10 2 4) , 4383,00

(8 0 1 11) , 4081,00

(5 10 2 4) , 3210484,50

----------------------------- 
(5 13 6 4) , 4375,00

(5 0 1 11) , 4553,00

(8 9 2 4) , 4919,00

(5 9 2 4) , 2968729,75

(5 10 2 4) , 3210484,50

(5 0 1 11) , 4553,00

(8 9 2 4) , 4919,00

(5 13 6 4) , 4375,00

(5 9 9 4) , 4349,00

----------------------------- 
(5 5 10 8) , 3905,00

(5 5 10 8) , 3905,00

(5 5 10 8) , 3905,00

(5 5 10 8) , 3905,00

(5 13 1 11) , 3752,00

(5 0 6 4) , 1896253,75

(5 10 2 4) , 3210484,50

(5 13 6 4) , 4375,00

(5 13 1 4) , 4882,00

(5 0 6 11) , 4073,00

(5 5 10 8) , 3905,00

(5 13 10 4) , 3543,00

----------------------------- 
(5 0 0 4) , 128907,73

(5 0 0 4) , 128907,73

(5 0 0 4) , 128907,73

(5 0 0 4) , 128907,73

(5 5 10 4) , 4587,00

(5 0 6 8) , 4541,00

(5 13 10 4) , 3543,00

(5 5 10 8) , 3905,00

(5 5 10 8) , 3905,00

(5 5 10 8) , 3905,00

(5 0 7 8) , 4445,00

(5 0 0 4) , 128907,73

----------------------------- 
(5 0 0 4) , 128907,73

(5 0 0 4) , 128907,73

(5 5 10 4) , 4587,00

(5 13 10 4) , 3543,00

(5 0 10 4) , 4777,00

(5 5 0 8) , 4964,00

(5 0 0 4) , 128907,73

(5 0 0 4) , 128907,73

(5 0 0 4) , 128907,73

(5 0 0 4) , 128907,73

----------------------------- 
(5 0 0 4) , 128907,73

(5 0 0 4) , 128907,73

(5 0 0 4) , 128907,73

(5 0 0 4) , 128907,73

(5 0 10 4) , 4777,00

(5 0 0 4) , 128907,73

(5 0 0 4) , 128907,73

(5 0 0 4) , 128907,73

(5 0 0 4) , 128907,73

----------------------------- 
(5 0 0 4) , 128907,73

(5 0 0 4) , 128907,73

(5 0 0 4) , 128907,73

(5 0 0 4) , 128907,73

(5 0 0 4) , 128907,73

(5 0 0 4) , 128907,73

(5 0 0 4) , 128907,73

(5 0 7 4) , 4963,00

(5 10 0 9) , 4583,00

----------------------------- 
(5 0 0 4) , 128907,73

(5 0 7 4) , 4963,00

(5 0 0 4) , 128907,73

(5 0 0 4) , 128907,73

(5 0 0 4) , 128907,73

(5 0 0 4) , 128907,73

(5 0 0 4) , 128907,73

(8 0 5 9) , 4091,00

(5 0 7 11) , 3977,00

----------------------------- 
(5 0 0 4) , 128907,73

(5 0 0 4) , 128907,73

(5 0 7 4) , 4963,00

(5 0 0 11) , 4649,00

(5 0 7 4) , 4963,00

(5 0 0 9) , 4961,00

(8 0 5 4) , 4880,00

(5 0 8 4) , 4901,00

(5 0 0 2) , 87859,07

----------------------------- 
(7 0 7 4) , 4815,00

(7 0 7 4) , 4815,00

(7 0 7 4) , 4815,00

(5 0 0 9) , 4961,00

(5 0 7 4) , 4963,00

(5 0 8 4) , 4901,00

(5 0 0 4) , 128907,73

(5 0 0 4) , 128907,73

(8 0 5 4) , 4880,00

(7 0 7 4) , 4815,00

(5 2 2 4) , 244789,91

----------------------------- 
(5 11 0 4) , 2948010,25

(5 11 0 4) , 2948010,25

(7 0 8 4) , 4719,00

(5 0 7 4) , 4963,00

(7 0 7 4) , 4815,00

(7 0 7 4) , 4815,00

(5 0 0 4) , 128907,73

(7 0 7 4) , 4815,00

(2 9 3 4) , 2663127,50

(5 11 0 4) , 2948010,25

----------------------------- 
(5 11 0 4) , 2948010,25

(5 11 0 4) , 2948010,25

(5 9 0 4) , 2485208,00

(2 11 3 4) , 3136233,50

(2 0 8 4) , 1843018,75

(7 9 3 4) , 4912,00

(5 0 0 4) , 128907,73

(7 11 8 4) , 4135,00

(10 0 0 4) , 4984,00

(4 0 7 4) , 1950000,00

----------------------------- 
(2 5 2 4) , 265514,16

(5 0 8 4) , 4901,00

(2 0 0 4) , 74841,25

(10 0 0 4) , 4984,00

(2 0 8 4) , 1843018,75

(5 0 0 4) , 128907,73

(5 11 0 4) , 2948010,25

(2 5 2 4) , 265514,16

(6 10 8 5) , 4202,00

----------------------------- 
(2 0 8 4) , 1843018,75

(2 0 8 4) , 1843018,75

(2 0 0 4) , 74841,25

(5 0 8 4) , 4901,00

(2 5 2 4) , 265514,16

(2 5 2 4) , 265514,16

(2 5 2 4) , 265514,16

(2 0 0 4) , 74841,25

(2 11 0 4) , 2407474,25

(4 0 10 5) , 4750,00

----------------------------- 
(2 0 8 4) , 1843018,75

(2 0 8 4) , 1843018,75

(2 11 0 4) , 2407474,25

(2 0 0 4) , 74841,25

(2 0 8 4) , 1843018,75

(2 0 0 4) , 74841,25

(2 0 8 4) , 1843018,75

(2 0 0 4) , 74841,25

(0 11 8 1) , 4719,00

(0 3 8 4) , 2142067,75

----------------------------- 
(2 0 7 0) , 167880,94

(0 11 8 1) , 4719,00

(2 0 0 4) , 74841,25

(0 11 8 1) , 4719,00

(2 0 8 4) , 1843018,75

(2 0 0 4) , 74841,25

(0 11 8 1) , 4719,00

(2 0 7 0) , 167880,94

(2 0 7 0) , 167880,94

----------------------------- 
(2 0 8 4) , 1843018,75

(2 0 8 4) , 1843018,75

(2 0 8 4) , 1843018,75

(2 0 8 4) , 1843018,75

(2 0 8 4) , 1843018,75

(2 0 8 4) , 1843018,75

(0 11 8 0) , 4743,00

(2 0 7 1) , 192411,84

(0 11 8 4) , 4592,00

(2 0 0 1) , 28426,48

(2 0 7 1) , 192411,84

(0 11 8 0) , 4743,00

(2 0 0 7) , 135525,09

(0 11 1 1) , 1746765,25

----------------------------- 
(9 0 9 9) , 3500,00

(2 0 8 4) , 1843018,75

(2 0 8 4) , 1843018,75

(2 0 8 4) , 1843018,75

(2 0 8 4) , 1843018,75

(2 0 8 4) , 1843018,75

(2 0 0 1) , 28426,48

(9 0 9 9) , 3500,00

(9 0 9 9) , 3500,00

----------------------------- 
(2 0 8 4) , 1843018,75

(9 0 9 9) , 3500,00

(9 0 9 9) , 3500,00

(2 0 8 4) , 1843018,75

(9 0 9 9) , 3500,00

(9 0 9 4) , 4369,00

(2 0 8 9) , 4574,00

(10 4 4 4) , 4614,00

(2 0 6 1) , 163113,89

----------------------------- 
(2 0 8 4) , 1843018,75

(2 0 8 4) , 1843018,75

(2 0 8 4) , 1843018,75

(2 0 8 4) , 1843018,75

(2 0 9 9) , 4478,00

(9 0 8 4) , 4465,00

(2 0 8 1) , 223324,53

(2 0 6 4) , 239360,83

(9 0 9 9) , 3500,00

(2 0 8 9) , 4574,00

(9 8 4 9) , 3664,00

(9 0 10 11) , 3010,00

----------------------------- 
(2 1 8 5) , 4963,00

(2 1 8 5) , 4963,00

(2 0 8 4) , 1843018,75

(2 0 8 4) , 1843018,75

(9 8 4 9) , 3664,00

(9 0 9 9) , 3500,00

(2 0 8 9) , 4574,00

(2 0 9 4) , 2059006,38

(2 1 8 5) , 4963,00

(8 6 8 4) , 4466,00

----------------------------- 
(2 0 8 4) , 1843018,75

(2 0 8 4) , 1843018,75

(2 0 8 4) , 1843018,75

(2 0 8 5) , 4984,00

(9 1 9 9) , 3464,00

(2 1 8 5) , 4963,00

(2 1 8 5) , 4963,00

(9 1 9 9) , 3464,00

(2 0 8 5) , 4984,00

(2 2 8 3) , 2077368,13

(2 2 8 3) , 2077368,13

----------------------------- 
(2 0 8 4) , 1843018,75

(2 0 8 4) , 1843018,75

(2 0 8 4) , 1843018,75

(2 0 8 5) , 4984,00

(9 1 9 4) , 4348,00

(2 0 8 9) , 4574,00

(2 1 8 5) , 4963,00

(2 1 8 5) , 4963,00

(2 0 6 0) , 140000,00

(1 1 8 5) , 2068180,38

----------------------------- 
(2 0 8 4) , 1843018,75

(2 0 8 4) , 1843018,75

(2 1 8 4) , 2049846,00

(2 0 8 5) , 4984,00

(2 0 8 5) , 4984,00

(2 0 8 4) , 1843018,75

(2 0 8 4) , 1843018,75

(9 1 9 4) , 4348,00

(1 1 8 5) , 2068180,38

(2 0 8 4) , 1843018,75

----------------------------- 
(2 0 8 4) , 1843018,75

(1 1 8 5) , 2068180,38

(2 0 8 4) , 1843018,75

(2 0 8 4) , 1843018,75

(2 0 8 4) , 1843018,75

(2 0 8 4) , 1843018,75

(2 1 8 4) , 2049846,00

(2 0 6 4) , 239360,83

(11 1 5 4) , 4419,00

----------------------------- 
(2 0 8 4) , 1843018,75

(2 0 6 4) , 239360,83

(2 0 8 4) , 1843018,75

(2 1 5 4) , 238010,05

(11 0 8 4) , 4167,00

(2 0 6 4) , 239360,83

(2 0 8 4) , 1843018,75

(2 0 6 4) , 239360,83

(2 12 3 6) , 4808,00

----------------------------- 
(8 10 8 5) , 3948,00

(8 10 8 5) , 3948,00

(2 0 8 4) , 1843018,75

(2 0 8 4) , 1843018,75

(2 0 8 4) , 1843018,75

(2 0 8 4) , 1843018,75

(2 0 6 4) , 239360,83

(2 0 8 4) , 1843018,75

(8 10 8 5) , 3948,00

(0 0 6 5) , 218063,84

----------------------------- 
(2 0 8 4) , 1843018,75

(2 0 8 4) , 1843018,75

(2 0 6 4) , 239360,83

(2 0 8 5) , 4984,00

(8 10 8 4) , 4128,00

(8 10 8 4) , 4128,00

(2 0 6 5) , 1601496,13

(8 8 10 2) , 4244,00

(2 0 0 5) , 93661,16

----------------------------- 
(2 0 8 4) , 1843018,75

(2 0 8 4) , 1843018,75

(2 0 8 4) , 1843018,75

(8 10 8 4) , 4128,00

(8 10 6 4) , 4574,00

(2 0 8 4) , 1843018,75

(2 8 10 2) , 4638,00

(8 0 0 5) , 1308383,13

(8 6 8 4) , 4466,00

(8 10 0 3) , 3062570,00

----------------------------- 
(2 0 8 4) , 1843018,75

(8 6 8 4) , 4466,00

(2 0 8 4) , 1843018,75

(8 10 10 2) , 4004,00

(2 8 0 3) , 266916,03

(2 0 8 4) , 1843018,75

(2 0 8 4) , 1843018,75

(8 7 0 5) , 2763750,00

(8 10 0 3) , 3062570,00

----------------------------- 
(10 0 8 4) , 4338,00

(8 7 0 3) , 2368921,00

(2 8 0 5) , 1950000,00

(2 10 0 3) , 2004252,25

(8 8 10 2) , 4244,00

(8 7 0 2) , 2179339,00

(8 10 10 5) , 3464,00

(10 0 8 4) , 4338,00

(8 6 8 4) , 4466,00

----------------------------- 
(8 7 0 9) , 4319,00

(8 7 0 9) , 4319,00

(10 0 10 2) , 4458,00

(8 8 8 4) , 4360,00

(8 0 10 2) , 4712,00

(10 8 8 4) , 4022,00

(8 8 0 3) , 2593444,25

(8 7 10 2) , 4364,00

(8 7 0 9) , 4319,00

(4 4 10 5) , 4630,00

----------------------------- 
(8 8 0 3) , 2593444,25

(8 8 0 3) , 2593444,25

(8 8 0 3) , 2593444,25

(8 8 0 3) , 2593444,25

(8 8 0 3) , 2593444,25

(8 8 0 3) , 2593444,25

(8 8 0 3) , 2593444,25

(8 8 0 3) , 2593444,25

(8 8 0 3) , 2593444,25

(8 8 10 2) , 4244,00

(10 7 8 4) , 4107,00

(8 0 10 2) , 4712,00

(8 7 0 9) , 4319,00

(8 8 8 9) , 3311,00

(8 7 0 4) , 2563771,00

(8 2 3 2) , 1790299,75

(8 7 8 2) , 4738,00

----------------------------- 
(1 8 0 3) , 242070,19

(8 8 8 3) , 4516,00

(8 8 0 9) , 4255,00

(8 8 0 3) , 2593444,25

(8 8 0 3) , 2593444,25

(8 7 0 3) , 2368921,00

(8 8 0 4) , 2794181,50

(1 8 0 3) , 242070,19

(1 8 10 2) , 4693,00

----------------------------- 
(8 6 0 3) , 2151365,00

(8 6 0 3) , 2151365,00

(8 7 0 3) , 2368921,00

(1 8 0 3) , 242070,19

(8 8 0 4) , 2794181,50

(1 8 0 3) , 242070,19

(1 8 0 3) , 242070,19

(8 8 0 3) , 2593444,25

(8 3 0 3) , 1542934,75

(8 6 0 3) , 2151365,00

----------------------------- 
(8 2 9 3) , 4610,00

(8 3 0 3) , 1542934,75

(8 8 0 4) , 2794181,50

(8 8 0 4) , 2794181,50

(8 6 0 3) , 2151365,00

(8 8 0 4) , 2794181,50

(1 8 0 3) , 242070,19

(8 2 9 3) , 4610,00

(1 8 8 5) , 4791,00

----------------------------- 
(10 3 10 9) , 3089,00

(1 8 0 5) , 1790299,75

(1 8 8 3) , 4936,00

(8 8 0 3) , 2593444,25

(1 8 0 4) , 1618363,50

(8 2 9 3) , 4610,00

(8 3 0 3) , 1542934,75

(10 3 10 9) , 3089,00

(8 8 3 4) , 4878,00

----------------------------- 
(1 8 0 5) , 1790299,75

(1 8 0 5) , 1790299,75

(8 8 0 3) , 2593444,25

(8 3 0 3) , 1542934,75

(10 3 0 9) , 4049,00

(8 3 10 3) , 4493,00

(10 3 10 9) , 3089,00

(1 8 8 3) , 4936,00

(5 8 10 9) , 3337,00

(1 11 3 5) , 4970,00

----------------------------- 
(1 8 10 5) , 4375,00

(1 8 10 5) , 4375,00

(8 3 0 3) , 1542934,75

(10 8 0 9) , 3841,00

(1 8 10 5) , 4375,00

(8 3 0 3) , 1542934,75

(8 8 8 3) , 4516,00

(1 8 0 3) , 242070,19

(1 8 10 5) , 4375,00

(7 8 0 3) , 2417145,25

----------------------------- 
(9 1 4 2) , 1959006,88

(9 1 4 2) , 1959006,88

(1 8 0 5) , 1790299,75

(10 8 10 9) , 2413,00

(1 8 10 5) , 4375,00

(1 8 10 5) , 4375,00

(8 3 0 3) , 1542934,75

(7 8 0 3) , 2417145,25

(9 8 8 11) , 2558,00

(9 1 4 2) , 1959006,88

----------------------------- 
(10 1 4 4) , 4701,00

(1 8 0 5) , 1790299,75

(8 3 10 3) , 4493,00

(8 8 0 3) , 2593444,25

(7 3 0 3) , 232633,03

(8 3 0 3) , 1542934,75

(1 8 0 5) , 1790299,75

(10 1 4 4) , 4701,00

(6 8 4 9) , 4254,00

----------------------------- 
