(3 4 1 2) , 175119,44

(3 4 1 2) , 175119,44

(3 4 1 2) , 175119,44

(8 1 8 2) , 4879,00

(1 7 2 6) , 2198056,00

(1 7 1 2) , 216755,36

(3 4 2 2) , 205100,78

(0 2 0 5) , 103617,57

(1 7 2 2) , 248888,83

(1 7 2 2) , 248888,83

(3 4 1 2) , 175119,44

----------------------------- 
(1 7 2 6) , 2198056,00

(1 7 2 6) , 2198056,00

(1 7 2 6) , 2198056,00

(1 7 2 6) , 2198056,00

(1 7 2 6) , 2198056,00

(1 7 2 6) , 2198056,00

(3 4 2 2) , 205100,78

(1 7 2 2) , 248888,83

(3 4 1 2) , 175119,44

(8 1 8 2) , 4879,00

(3 4 2 2) , 205100,78

(3 4 1 2) , 175119,44

(1 7 2 6) , 2198056,00

(1 7 2 2) , 248888,83

----------------------------- 
(1 7 2 6) , 2198056,00

(8 1 8 6) , 4259,00

(1 7 2 2) , 248888,83

(1 7 2 2) , 248888,83

(3 4 2 2) , 205100,78

(1 7 2 6) , 2198056,00

(1 7 2 6) , 2198056,00

(1 7 2 6) , 2198056,00

(1 7 2 6) , 2198056,00

----------------------------- 
(1 7 2 6) , 2198056,00

(1 7 2 6) , 2198056,00

(1 7 2 6) , 2198056,00

(1 7 2 6) , 2198056,00

(1 7 2 6) , 2198056,00

(1 7 2 6) , 2198056,00

(3 4 2 2) , 205100,78

(1 7 2 6) , 2198056,00

(1 7 2 6) , 2198056,00

----------------------------- 
(0 7 1 11) , 4827,00

(1 7 2 6) , 2198056,00

(1 7 2 6) , 2198056,00

(1 7 2 6) , 2198056,00

(1 7 2 6) , 2198056,00

(1 4 2 6) , 264114,78

(3 7 2 2) , 299841,72

(0 7 1 11) , 4827,00

(0 7 1 11) , 4827,00

----------------------------- 
(1 7 2 6) , 2198056,00

(1 7 2 6) , 2198056,00

(0 7 2 6) , 2031566,88

(1 7 1 11) , 4772,00

(1 7 2 6) , 2198056,00

(1 7 2 6) , 2198056,00

(1 7 2 6) , 2198056,00

(0 7 1 11) , 4827,00

(1 7 2 6) , 2198056,00

(1 7 2 6) , 2198056,00

----------------------------- 
(1 7 2 6) , 2198056,00

(1 7 1 11) , 4772,00

(1 7 2 6) , 2198056,00

(1 7 2 6) , 2198056,00

(1 7 2 6) , 2198056,00

(1 7 2 6) , 2198056,00

(1 7 2 6) , 2198056,00

(1 7 2 6) , 2198056,00

(1 7 2 6) , 2198056,00

----------------------------- 
(1 7 2 6) , 2198056,00

(1 7 2 6) , 2198056,00

(1 7 2 6) , 2198056,00

(1 7 2 6) , 2198056,00

(1 7 2 6) , 2198056,00

(1 7 2 11) , 4710,00

(1 7 1 6) , 1977063,13

(1 7 2 6) , 2198056,00

(1 7 2 6) , 2198056,00

----------------------------- 
(1 7 2 4) , 305699,41

(1 7 1 6) , 1977063,13

(1 7 2 6) , 2198056,00

(1 7 2 6) , 2198056,00

(1 7 2 6) , 2198056,00

(1 7 2 6) , 2198056,00

(1 7 2 6) , 2198056,00

(1 7 2 4) , 305699,41

(1 7 7 5) , 4954,00

----------------------------- 
(11 7 1 6) , 4193,00

(1 7 2 6) , 2198056,00

(1 7 2 4) , 305699,41

(1 7 2 4) , 305699,41

(1 7 2 6) , 2198056,00

(1 7 2 6) , 2198056,00

(1 7 1 6) , 1977063,13

(11 7 1 6) , 4193,00

(1 7 2 6) , 2198056,00

----------------------------- 
