(9 14 3 0) , 4505438,00

(9 14 3 0) , 4505438,00

(9 14 3 0) , 4505438,00

(9 14 3 0) , 4505438,00

(9 14 3 0) , 4505438,00

(9 14 3 0) , 4505438,00

(9 14 3 0) , 4505438,00

(9 14 3 0) , 4505438,00

(9 14 3 0) , 4505438,00

(9 14 3 0) , 4505438,00

(9 14 3 0) , 4505438,00

(9 14 3 0) , 4505438,00

(9 14 3 0) , 4505438,00

(9 14 3 0) , 4505438,00

(9 14 3 0) , 4505438,00

(9 14 3 0) , 4505438,00

(9 14 3 0) , 4505438,00

(9 14 3 0) , 4505438,00

(9 14 3 0) , 4505438,00

(9 14 3 0) , 4505438,00

(9 14 3 0) , 4505438,00

(9 14 3 0) , 4505438,00

(9 14 3 0) , 4505438,00

(9 14 3 0) , 4505438,00

(9 14 3 0) , 4505438,00

(9 14 3 0) , 4505438,00

(9 14 3 0) , 4505438,00

(9 14 3 0) , 4505438,00

(9 14 3 0) , 4505438,00

(9 14 3 0) , 4505438,00

(9 14 3 0) , 4505438,00

(9 14 3 0) , 4505438,00

(9 14 3 0) , 4505438,00

(9 14 3 0) , 4505438,00

(9 14 3 0) , 4505438,00

(9 14 3 0) , 4505438,00

(9 14 3 0) , 4505438,00

(9 14 3 0) , 4505438,00

(9 14 3 0) , 4505438,00

(9 14 3 0) , 4505438,00

(9 14 3 0) , 4505438,00

(9 14 3 0) , 4505438,00

(9 14 3 0) , 4505438,00

(9 13 3 0) , 4235424,00

(9 14 3 0) , 4505438,00

(9 14 3 0) , 4505438,00

(9 14 3 0) , 4505438,00

(9 14 3 0) , 4505438,00

(9 14 3 0) , 4505438,00

(9 14 3 0) , 4505438,00

(9 14 3 0) , 4505438,00

(9 14 3 0) , 4505438,00

(9 14 3 0) , 4505438,00

(9 14 3 0) , 4505438,00

(9 14 3 0) , 4505438,00

(9 14 3 0) , 4505438,00

(9 14 3 0) , 4505438,00

(9 14 3 0) , 4505438,00

(9 14 3 0) , 4505438,00

(9 3 6 0) , 2543810,50

(9 14 3 0) , 4505438,00

(9 14 3 0) , 4505438,00

(4 14 3 0) , 3482192,50

(9 14 3 0) , 4505438,00

(9 14 3 0) , 4505438,00

(9 14 3 0) , 4505438,00

(9 14 3 0) , 4505438,00

(9 14 3 0) , 4505438,00

(9 14 3 0) , 4505438,00

(9 14 3 0) , 4505438,00

(9 14 3 0) , 4505438,00

(9 9 3 0) , 3214347,50

(9 12 4 10) , 15922,00

(9 14 3 0) , 4505438,00

(9 14 3 0) , 4505438,00

(9 13 3 0) , 4235424,00

(9 14 3 0) , 4505438,00

(9 14 3 0) , 4505438,00

(9 14 3 0) , 4505438,00

(9 14 3 0) , 4505438,00

(9 14 3 0) , 4505438,00

(9 8 5 0) , 3482192,50

(9 14 3 0) , 4505438,00

(9 14 3 0) , 4505438,00

(9 14 3 0) , 4505438,00

(9 14 3 0) , 4505438,00

(0 14 3 0) , 2731248,50

(9 14 3 0) , 4505438,00

(9 14 3 0) , 4505438,00

(5 14 3 0) , 3679561,75

(9 14 3 0) , 4505438,00

(9 14 3 0) , 4505438,00

(9 14 3 0) , 4505438,00

(9 14 3 0) , 4505438,00

(1 13 3 0) , 2681474,75

(9 11 3 0) , 3712818,50

(9 14 3 0) , 4505438,00

(9 14 3 0) , 4505438,00

(9 14 3 0) , 4505438,00

(9 14 3 0) , 4505438,00

(1 11 3 0) , 2238790,25

(9 14 3 0) , 4505438,00

(9 8 1 0) , 2495259,25

(9 14 3 0) , 4505438,00

(9 14 3 0) , 4505438,00

(9 8 3 0) , 2974539,50

(9 14 3 0) , 4505438,00

(9 13 3 0) , 4235424,00

(9 14 3 0) , 4505438,00

(9 14 3 0) , 4505438,00

(9 14 1 0) , 3948472,75

(9 14 3 0) , 4505438,00

(9 14 3 0) , 4505438,00

(8 14 3 0) , 4293636,50

(9 14 3 0) , 4505438,00

(9 14 3 0) , 4505438,00

(9 14 3 0) , 4505438,00

(9 14 2 0) , 4223814,00

(9 14 3 0) , 4505438,00

(9 14 3 0) , 4505438,00

(7 12 3 0) , 3569450,50

(9 14 3 0) , 4505438,00

(9 13 3 0) , 4235424,00

(7 14 3 0) , 4085349,25

(9 14 3 0) , 4505438,00

(9 14 3 0) , 4505438,00

(7 14 3 0) , 4085349,25

(9 14 3 0) , 4505438,00

(9 14 3 0) , 4505438,00

(9 14 3 0) , 4505438,00

(8 14 3 0) , 4293636,50

(9 13 3 0) , 4235424,00

(9 14 3 0) , 4505438,00

(9 14 3 0) , 4505438,00

(9 14 3 0) , 4505438,00

(9 14 2 0) , 4223814,00

(9 14 3 0) , 4505438,00

(9 8 3 0) , 2974539,50

(9 14 3 0) , 4505438,00

(9 14 3 0) , 4505438,00

(9 14 3 0) , 4505438,00

(8 14 3 0) , 4293636,50

(9 14 3 0) , 4505438,00

(9 14 3 0) , 4505438,00

(9 14 3 0) , 4505438,00

(9 10 3 0) , 3460494,00

(9 14 3 0) , 4505438,00

(9 3 3 0) , 1877164,38

(9 4 3 0) , 2082366,25

(8 14 3 0) , 4293636,50

(9 14 3 0) , 4505438,00

(9 14 3 0) , 4505438,00

(9 14 3 0) , 4505438,00

(9 11 3 0) , 3712818,50

(9 14 3 0) , 4505438,00

(9 14 3 0) , 4505438,00

(9 14 3 0) , 4505438,00

(9 14 3 0) , 4505438,00

(9 14 3 0) , 4505438,00

(3 12 4 1) , 3267324,25

(9 14 3 0) , 4505438,00

(9 14 3 0) , 4505438,00

(9 14 3 0) , 4505438,00

(9 14 3 0) , 4505438,00

(9 14 3 0) , 4505438,00

(9 14 3 0) , 4505438,00

(9 14 3 0) , 4505438,00

(9 14 3 0) , 4505438,00

(9 14 3 0) , 4505438,00

(9 7 3 0) , 2741241,50

(9 14 3 0) , 4505438,00

(9 14 3 0) , 4505438,00

(4 14 3 0) , 3482192,50

(9 14 3 0) , 4505438,00

(9 14 2 0) , 4223814,00

(9 14 3 0) , 4505438,00

(9 14 3 0) , 4505438,00

(9 14 0 0) , 3679561,75

(9 14 3 0) , 4505438,00

(9 14 3 0) , 4505438,00

(9 14 3 0) , 4505438,00

(9 14 3 0) , 4505438,00

(9 14 3 0) , 4505438,00

(9 14 3 0) , 4505438,00

(9 14 3 0) , 4505438,00

(9 14 3 0) , 4505438,00

(5 11 3 0) , 2943736,50

(9 14 3 0) , 4505438,00

(9 14 3 0) , 4505438,00

(9 14 3 0) , 4505438,00

(5 14 3 0) , 3679561,75

(9 10 3 0) , 3460494,00

(9 14 3 0) , 4505438,00

(9 14 3 0) , 4505438,00

(1 11 3 0) , 2238790,25

(9 14 3 0) , 4505438,00

(9 14 3 0) , 4505438,00

(8 8 1 0) , 2323198,25

(8 14 3 0) , 4293636,50

(9 14 3 0) , 4505438,00

(9 14 3 0) , 4505438,00

(9 14 3 0) , 4505438,00

(9 14 3 0) , 4505438,00

(9 14 3 0) , 4505438,00

(9 14 3 7) , 16587,00

(9 14 15 0) , 15566,00

(8 14 10 7) , 15162,00

(9 13 3 0) , 4235424,00

(9 3 3 0) , 1877164,38

(0 14 3 0) , 2731248,50

(2 11 3 5) , 17989,00

(9 12 5 2) , 17790,00

(9 14 3 5) , 17133,00

(13 14 5 0) , 17228,00

(11 20 14 0) , 14254,00

(9 15 3 0) , 17969,00

(0 18 3 0) , 17539,00

(9 14 3 0) , 4505438,00

(17 14 7 0) , 15916,00

(11 14 12 7) , 13914,00

(1 14 0 16) , 16206,00

(9 18 3 0) , 17480,00

(9 8 2 10) , 16626,00

(14 2 4 8) , 16089,00

(9 6 3 0) , 2514640,75

(5 14 3 0) , 3679561,75

(9 9 3 0) , 3214347,50

(5 14 3 17) , 14511,00

(0 18 3 0) , 17539,00

(16 2 3 0) , 17347,00

(16 14 3 0) , 16915,00

(9 14 3 0) , 4505438,00

(1 13 14 15) , 13105,00

(9 14 13 12) , 12447,00

(9 15 3 0) , 17969,00

(6 8 5 0) , 2913044,50

(8 8 3 0) , 2791395,50

(0 14 3 0) , 2731248,50

(15 6 0 5) , 16713,00

(5 14 7 5) , 16838,00

(4 7 10 0) , 17836,00

(15 14 3 2) , 16644,00

(9 14 3 0) , 4505438,00

(9 14 3 0) , 4505438,00

(9 8 1 0) , 2495259,25

(9 14 2 0) , 4223814,00

(9 14 3 15) , 14251,00

(9 14 2 0) , 4223814,00

(5 5 5 0) , 345548,22

(8 2 4 4) , 17953,00

(6 14 3 4) , 17693,00

(9 14 10 0) , 16764,00

(2 14 3 13) , 16301,00

(9 14 3 4) , 17388,00

(7 14 3 7) , 17001,00

(6 14 6 10) , 15725,00

(16 14 3 7) , 15138,00

(7 19 9 11) , 13348,00

(9 17 3 10) , 15215,00

(9 18 3 12) , 14464,00

(9 4 3 14) , 15861,00

(9 14 3 0) , 4505438,00

(16 17 6 7) , 13859,00

(9 14 3 0) , 4505438,00

(9 19 3 13) , 13944,00

(5 14 3 0) , 3679561,75

(9 14 3 0) , 4505438,00

(17 14 3 0) , 16708,00

(9 14 3 0) , 4505438,00

(9 14 3 11) , 15495,00

(9 14 12 0) , 16292,00

(10 16 3 4) , 16851,00

(16 14 3 0) , 16915,00

(9 14 3 0) , 4505438,00

(5 18 13 15) , 11559,00

(9 14 3 0) , 4505438,00

(0 0 3 17) , 17015,00

(9 14 3 0) , 4505438,00

(17 14 3 0) , 16708,00

(17 14 7 0) , 15916,00

(9 14 3 0) , 4505438,00

(4 10 1 12) , 17009,00

(9 12 3 0) , 3971174,75

(16 2 0 0) , 17557,00

(1 14 7 16) , 14623,00

(3 7 5 4) , 2943736,50

(2 14 3 7) , 17457,00

(9 20 12 1) , 14879,00

(0 14 3 0) , 2731248,50

(9 14 3 0) , 4505438,00

(9 8 12 0) , 17012,00

(9 14 3 0) , 4505438,00

(4 20 10 3) , 15445,00

(7 14 3 0) , 4085349,25

(15 14 0 5) , 16185,00

(9 14 3 0) , 4505438,00

(7 14 3 0) , 4085349,25

(2 14 3 13) , 16301,00

(9 2 4 0) , 1885929,25

(9 14 3 8) , 16314,00

(0 3 3 0) , 111614,22

(9 14 6 0) , 17596,00

(9 15 3 6) , 16704,00

(9 10 3 10) , 16318,00

(9 14 3 0) , 4505438,00

(9 14 6 0) , 17596,00

(7 13 13 5) , 15354,00

(9 19 5 4) , 15959,00

(13 14 11 3) , 14977,00

(9 0 3 0) , 218119,78

(9 14 3 7) , 16587,00

(10 14 4 0) , 17895,00

(9 10 4 12) , 15658,00

(8 2 3 0) , 255089,19

(7 14 3 0) , 4085349,25

(9 8 2 0) , 2731248,50

(9 14 3 0) , 4505438,00

(9 14 3 0) , 4505438,00

(9 14 3 0) , 4505438,00

(9 14 8 6) , 15712,00

(9 14 2 0) , 4223814,00

(9 14 3 0) , 4505438,00

(9 14 3 0) , 4505438,00

(9 14 3 0) , 4505438,00

(8 14 9 2) , 16701,00

(1 15 14 0) , 16202,00

(2 14 3 0) , 3098856,00

(6 18 12 5) , 14773,00

(9 14 3 0) , 4505438,00

(6 2 10 0) , 2731248,50

(9 11 5 9) , 16193,00

(0 14 3 0) , 2731248,50

(9 14 10 0) , 16764,00

(9 14 3 0) , 4505438,00

(9 1 7 15) , 15169,00

(9 12 2 0) , 3701721,50

(0 14 8 0) , 17465,00

(12 6 3 12) , 15570,00

(2 0 14 0) , 17843,00

(9 14 3 12) , 15222,00

(9 9 3 0) , 3214347,50

(13 14 3 11) , 14647,00

(9 14 3 0) , 4505438,00

(9 8 5 0) , 3482192,50

(5 14 13 7) , 14900,00

(9 14 3 12) , 15222,00

(3 14 2 11) , 16796,00

(17 20 3 0) , 15674,00

(9 14 3 7) , 16587,00

(16 14 3 15) , 12648,00

(9 14 3 0) , 4505438,00

(9 14 15 0) , 15566,00

(9 14 3 0) , 4505438,00

(9 14 3 0) , 4505438,00

(9 18 3 0) , 17480,00

(9 10 3 0) , 3460494,00

(8 14 3 0) , 4293636,50

(9 14 3 1) , 17930,00

(10 14 4 0) , 17895,00

(6 14 3 12) , 15843,00

(7 4 3 0) , 294090,78

(15 14 9 4) , 14774,00

(9 14 3 0) , 4505438,00

(9 14 3 0) , 4505438,00

(9 14 3 0) , 4505438,00

(9 14 10 15) , 12318,00

(8 17 3 0) , 17708,00

(9 6 0 0) , 1850956,50

(9 3 3 0) , 1877164,38

(9 14 3 0) , 4505438,00

(9 10 6 0) , 17942,00

(15 14 3 0) , 17122,00

(9 14 3 0) , 4505438,00

(9 14 2 0) , 4223814,00

(9 14 3 0) , 4505438,00

(9 15 0 0) , 17969,00

(9 7 6 0) , 18005,00

(9 14 3 10) , 15768,00

(9 14 0 0) , 3679561,75

(9 14 13 0) , 16050,00

(9 14 12 0) , 16292,00

(9 8 3 0) , 2974539,50

(9 14 3 11) , 15495,00

(9 14 3 0) , 4505438,00

(9 14 3 8) , 16314,00

(14 14 3 0) , 17329,00

(9 14 4 0) , 17960,00

(9 14 3 0) , 4505438,00

(9 8 10 15) , 13548,00

(10 6 3 6) , 17263,00

(7 18 3 13) , 14605,00

(7 14 3 0) , 4085349,25

(9 14 1 0) , 3948472,75

(2 10 11 1) , 17315,00

(9 14 3 0) , 4505438,00

(0 14 4 0) , 17997,00

(9 14 3 0) , 4505438,00

(9 9 3 0) , 3214347,50

(0 11 3 0) , 2073289,38

(9 3 1 0) , 245652,03

(9 14 3 0) , 4505438,00

(7 14 3 0) , 4085349,25

(4 20 3 0) , 17201,00

(9 14 3 3) , 17609,00

(4 7 10 0) , 17836,00

(1 20 3 0) , 17201,00

(7 19 15 0) , 14890,00

(9 14 9 11) , 13915,00

(9 14 3 0) , 4505438,00

(14 13 6 15) , 12518,00

(9 0 12 10) , 15762,00

(8 14 3 0) , 4293636,50

(9 14 3 0) , 4505438,00

(0 11 3 0) , 2073289,38

(9 14 3 0) , 4505438,00

(9 14 3 0) , 4505438,00

(9 15 14 0) , 15638,00

(9 14 3 0) , 4505438,00

(9 13 3 7) , 16743,00

(9 14 3 0) , 4505438,00

(9 14 3 0) , 4505438,00

(9 14 3 0) , 4505438,00

(15 10 3 2) , 16872,00

(9 14 0 7) , 16929,00

(9 14 3 0) , 4505438,00

(9 14 3 0) , 4505438,00

(9 14 3 0) , 4505438,00

(17 14 3 0) , 16708,00

(9 14 10 0) , 16764,00

(15 14 3 0) , 17122,00

(9 14 3 12) , 15222,00

(6 14 3 0) , 3880636,50

(7 12 3 4) , 17820,00

(13 4 8 12) , 14762,00

(8 14 10 7) , 15162,00

(6 14 7 0) , 17553,00

(7 12 3 0) , 3569450,50

(9 10 3 0) , 3460494,00

(3 14 3 0) , 3288598,50

(9 14 3 0) , 4505438,00

(4 9 12 12) , 14849,00

(13 14 0 0) , 17760,00

(9 14 3 0) , 4505438,00

(1 14 0 0) , 2210897,75

(9 14 5 0) , 17804,00

(9 14 3 0) , 4505438,00

(9 15 0 0) , 17969,00

(9 19 3 0) , 17285,00

(9 14 3 7) , 16587,00

(9 14 3 0) , 4505438,00

(9 12 3 0) , 3971174,75

(9 14 3 0) , 4505438,00

(3 13 3 0) , 3046843,75

(9 14 3 16) , 13923,00

(17 14 3 4) , 15732,00

(9 2 5 6) , 17418,00

(9 14 10 15) , 12318,00

(9 14 3 4) , 17388,00

(9 11 3 3) , 17853,00

(1 3 13 0) , 17780,00

(7 14 11 0) , 16666,00

(9 14 3 0) , 4505438,00

(10 10 4 12) , 15429,00

(9 14 3 0) , 4505438,00

(9 14 3 0) , 4505438,00

(9 14 3 0) , 4505438,00

(11 18 3 0) , 17220,00

(7 14 0 8) , 17094,00

(8 14 3 0) , 4293636,50

(8 14 3 0) , 4293636,50

(0 14 3 0) , 2731248,50

(9 14 0 0) , 3679561,75

(9 14 3 0) , 4505438,00

(8 14 3 0) , 4293636,50

(8 14 3 0) , 4293636,50

(9 14 3 0) , 4505438,00

(2 14 3 13) , 16301,00

(9 14 3 0) , 4505438,00

(9 14 3 0) , 4505438,00

(13 14 7 9) , 14225,00

(6 14 3 6) , 17395,00

(9 14 7 0) , 17388,00

(9 14 3 0) , 4505438,00

(9 14 3 0) , 4505438,00

(9 14 4 15) , 14028,00

(14 13 5 0) , 17116,00

(9 11 3 0) , 3712818,50

(9 14 3 0) , 4505438,00

(3 14 3 0) , 3288598,50

(9 14 3 0) , 4505438,00

(9 14 3 0) , 4505438,00

(9 14 3 0) , 4505438,00

(9 14 3 0) , 4505438,00

(14 2 9 6) , 15978,00

(17 14 11 0) , 14948,00

(5 14 3 16) , 14839,00

(5 14 2 1) , 17987,00

(9 19 3 0) , 17285,00

(7 1 11 13) , 15531,00

(6 14 13 0) , 16305,00

(9 14 3 0) , 4505438,00

(9 14 3 0) , 4505438,00

(9 4 3 0) , 2082366,25

(10 14 10 0) , 16639,00

(9 11 3 0) , 3712818,50

(9 14 10 0) , 16764,00

(9 14 3 0) , 4505438,00

(9 14 3 0) , 4505438,00

(9 14 4 10) , 15588,00

(9 12 8 5) , 16395,00

(0 14 3 0) , 2731248,50

(12 14 1 0) , 17833,00

(9 14 3 0) , 4505438,00

(12 15 12 14) , 11184,00

(0 11 3 0) , 2073289,38

(10 4 3 0) , 2248114,75

(9 14 10 0) , 16764,00

(9 14 3 7) , 16587,00

(17 14 3 0) , 16708,00

(15 14 1 2) , 16836,00

(9 8 5 0) , 3482192,50

(9 18 0 16) , 13902,00

(7 14 3 0) , 4085349,25

(9 14 3 7) , 16587,00

(8 10 10 0) , 17299,00

(9 14 3 0) , 4505438,00

(9 14 3 6) , 16860,00

(9 19 3 0) , 17285,00

(9 12 4 1) , 17942,00

(3 14 15 0) , 16054,00

(9 14 3 0) , 4505438,00

(8 14 10 0) , 16819,00

(15 14 3 2) , 16644,00

(9 14 3 0) , 4505438,00

(9 0 3 11) , 16701,00

(16 14 3 0) , 16915,00

(2 14 3 7) , 17457,00

(8 14 3 13) , 15136,00

(9 12 3 9) , 16353,00

(6 14 3 5) , 17553,00

(5 9 3 17) , 15291,00

(9 14 3 0) , 4505438,00

(0 14 11 0) , 17027,00

(0 14 3 0) , 2731248,50

(7 14 3 0) , 4085349,25

(9 11 3 0) , 3712818,50

(9 14 5 4) , 16984,00

(3 7 4 0) , 324614,38

(9 17 3 16) , 13370,00

(9 14 3 0) , 4505438,00

(9 7 3 7) , 17237,00

(9 10 3 0) , 3460494,00

(3 12 4 14) , 16058,00

(11 6 9 1) , 17415,00

(9 9 9 0) , 17572,00

(9 14 3 0) , 4505438,00

(9 13 1 0) , 3690636,00

(9 14 3 4) , 17388,00

(9 14 11 8) , 14329,00

(0 6 3 0) , 188138,44

(14 5 9 8) , 15365,00

(0 6 14 5) , 16857,00

(9 11 3 0) , 3712818,50

(9 14 3 11) , 15495,00

(9 12 4 0) , 4247044,50

(9 14 3 10) , 15768,00

(16 11 5 0) , 16831,00

(10 14 3 0) , 17979,00

(9 14 3 0) , 4505438,00

(9 16 10 0) , 16404,00

(9 14 3 0) , 4505438,00

(10 14 14 2) , 15145,00

(9 14 3 0) , 4505438,00

(5 10 3 0) , 2711301,00

(9 14 3 0) , 4505438,00

(7 15 3 3) , 17673,00

(0 14 1 17) , 15943,00

(9 14 3 0) , 4505438,00

(11 14 3 0) , 17844,00

(9 10 3 0) , 3460494,00

(9 10 4 12) , 15658,00

(1 11 3 0) , 2238790,25

(7 14 3 0) , 4085349,25

(9 14 3 0) , 4505438,00

(9 14 3 0) , 4505438,00

(9 13 3 17) , 13751,00

(17 14 3 0) , 16708,00

(3 9 1 15) , 16603,00

(15 10 6 0) , 16978,00

(9 14 3 0) , 4505438,00

(9 0 12 10) , 15762,00

(9 14 3 0) , 4505438,00

(8 8 3 0) , 2791395,50

(16 14 3 0) , 16915,00

(9 14 3 0) , 4505438,00

(9 14 3 0) , 4505438,00

(9 14 3 0) , 4505438,00

(9 14 3 0) , 4505438,00

(9 14 6 10) , 15098,00

(9 7 3 0) , 2741241,50

(17 15 3 0) , 16622,00

(9 0 6 10) , 16604,00

(6 14 7 0) , 17553,00

(12 14 3 17) , 12908,00

(3 14 3 0) , 3288598,50

(9 14 3 0) , 4505438,00

(9 14 6 0) , 17596,00

(9 14 3 0) , 4505438,00

(2 14 3 7) , 17457,00

(9 13 3 7) , 16743,00

(8 14 3 0) , 4293636,50

(9 14 3 0) , 4505438,00

(9 2 3 0) , 279935,03

(16 14 3 0) , 16915,00

(9 14 3 0) , 4505438,00

(4 14 3 0) , 3482192,50

(0 8 13 7) , 16613,00

(9 14 3 12) , 15222,00

(9 19 3 0) , 17285,00

(9 14 3 2) , 17784,00

(9 14 0 0) , 3679561,75

(9 14 3 0) , 4505438,00

(9 14 3 4) , 17388,00

(7 4 3 0) , 294090,78

(9 13 3 1) , 17983,00

(8 14 3 17) , 13824,00

(9 14 3 0) , 4505438,00

(9 14 3 0) , 4505438,00

(7 19 4 11) , 14704,00

(0 14 3 0) , 2731248,50

(9 14 3 0) , 4505438,00

(9 14 3 0) , 4505438,00

(9 14 11 6) , 14985,00

(1 14 3 0) , 2913044,50

(16 12 3 15) , 12960,00

(8 14 14 4) , 15013,00

(5 17 3 7) , 16784,00

(6 12 13 0) , 16545,00

(8 14 3 0) , 4293636,50

(0 10 10 0) , 17569,00

(7 9 10 4) , 16910,00

(0 17 3 0) , 17708,00

(11 14 4 3) , 17085,00

(13 14 7 9) , 14225,00

(9 14 3 13) , 14907,00

(6 4 10 0) , 17949,00

(7 14 11 0) , 16666,00

(7 9 6 0) , 3602362,75

(9 20 3 0) , 17080,00

(9 4 15 0) , 16766,00

(9 4 3 17) , 14949,00

(4 16 0 2) , 17795,00

(9 14 3 0) , 4505438,00

(9 14 3 0) , 4505438,00

(10 6 4 6) , 17167,00

(9 14 3 0) , 4505438,00

(9 18 3 0) , 17480,00

(8 14 15 0) , 15693,00

(9 5 10 0) , 17714,00

(6 2 3 0) , 207946,42

(13 15 0 17) , 13126,00

(9 7 3 0) , 2741241,50

(9 14 3 2) , 17784,00

(9 4 13 0) , 17250,00

(17 14 3 0) , 16708,00

(0 14 3 0) , 2731248,50

(9 12 11 0) , 16774,00

(7 14 3 15) , 14709,00

(9 14 4 0) , 17960,00

(9 14 3 12) , 15222,00

(7 14 12 5) , 15406,00

(9 14 3 0) , 4505438,00

(9 14 3 0) , 4505438,00

(9 6 3 0) , 2514640,75

(9 14 0 0) , 3679561,75

(1 14 3 0) , 2913044,50

(1 20 3 16) , 14587,00

(7 14 5 0) , 17903,00

(9 14 3 0) , 4505438,00

(16 14 3 7) , 15138,00

(5 19 2 1) , 17440,00

(9 14 3 0) , 4505438,00

(9 14 3 8) , 16314,00

(9 16 3 0) , 17846,00

(9 3 10 0) , 17841,00

(9 14 0 0) , 3679561,75

(0 3 3 0) , 111614,22

(12 8 8 0) , 17415,00

(15 10 11 0) , 15902,00

(9 14 6 0) , 17596,00

(9 0 9 2) , 17700,00

(9 14 10 12) , 13302,00

(9 10 4 12) , 15658,00

(9 14 3 0) , 4505438,00

(9 14 3 0) , 4505438,00

(8 5 4 0) , 2351576,50

(9 11 12 6) , 15315,00

(9 10 3 0) , 3460494,00

(9 14 10 12) , 13302,00

(9 0 3 0) , 218119,78

(7 0 0 0) , 97083,38

(7 18 3 8) , 15970,00

(1 14 3 0) , 2913044,50

(9 14 3 0) , 4505438,00

(9 14 3 0) , 4505438,00

(9 14 3 7) , 16587,00

(6 18 12 13) , 12271,00

(9 6 3 5) , 17667,00

(9 14 3 0) , 4505438,00

(9 14 3 0) , 4505438,00

(5 14 6 0) , 17757,00

(5 14 5 11) , 15901,00

(8 14 3 0) , 4293636,50

(9 8 3 0) , 2974539,50

(3 6 13 1) , 17324,00

(0 12 4 11) , 17093,00

(9 14 0 0) , 3679561,75

(9 14 0 0) , 3679561,75

(9 19 11 0) , 15599,00

(9 8 15 3) , 15738,00

(14 14 11 0) , 15569,00

(9 14 3 3) , 17609,00

(9 13 3 0) , 4235424,00

(9 9 14 0) , 16408,00

(16 14 0 7) , 15480,00

(9 12 3 0) , 3971174,75

(9 14 3 0) , 4505438,00

(8 15 14 0) , 15765,00

(0 17 3 0) , 17708,00

(9 14 3 0) , 4505438,00

(9 14 8 0) , 17180,00

(9 14 3 6) , 16860,00

(9 14 3 10) , 15768,00

(9 17 3 0) , 17670,00

(2 14 3 2) , 17935,00

(9 5 3 0) , 2294941,00

(7 4 0 4) , 1833557,25

(9 4 3 0) , 2082366,25

(9 3 3 0) , 1877164,38

(2 14 3 0) , 3098856,00

(9 14 1 0) , 3948472,75

(9 14 3 0) , 4505438,00

(9 14 3 0) , 4505438,00

(9 14 3 0) , 4505438,00

(9 14 3 0) , 4505438,00

(6 8 7 0) , 3417237,50

(9 9 9 0) , 17572,00

(9 14 3 0) , 4505438,00

(6 20 2 0) , 17347,00

(12 14 3 4) , 16767,00

(9 14 3 0) , 4505438,00

(0 14 3 0) , 2731248,50

(9 14 3 0) , 4505438,00

(9 14 3 2) , 17784,00

(9 13 3 0) , 4235424,00

(9 14 3 0) , 4505438,00

(13 14 11 3) , 14977,00

(15 17 6 0) , 15977,00

(9 14 3 0) , 4505438,00

(9 14 3 0) , 4505438,00

(9 14 2 0) , 4223814,00

(9 14 3 0) , 4505438,00

(9 14 3 0) , 4505438,00

(16 16 3 0) , 16687,00

(9 14 3 0) , 4505438,00

(9 19 3 0) , 17285,00

(9 7 3 15) , 15239,00

(1 12 11 0) , 17225,00

(9 14 12 0) , 16292,00

(0 14 3 2) , 17935,00

(6 14 3 13) , 15570,00

(9 4 10 0) , 17784,00

(9 8 13 10) , 14333,00

(8 16 3 0) , 17863,00

(9 14 3 0) , 4505438,00

(9 14 3 0) , 4505438,00

(1 8 2 15) , 16852,00

(9 14 10 0) , 16764,00

(9 14 3 0) , 4505438,00

(0 8 10 0) , 17767,00

(7 14 3 0) , 4085349,25

(0 14 11 0) , 17027,00

(8 14 3 0) , 4293636,50

(2 1 2 7) , 235024,34

(11 0 3 0) , 1596179,13

(9 14 2 0) , 4223814,00

(9 18 3 12) , 14464,00

(9 17 0 0) , 17829,00

(9 14 0 0) , 3679561,75

(17 12 7 0) , 16186,00

(9 14 3 0) , 4505438,00

(9 14 3 0) , 4505438,00

(9 14 3 0) , 4505438,00

(9 14 3 0) , 4505438,00

(9 14 1 17) , 13997,00

(7 11 9 0) , 17442,00

(9 14 3 0) , 4505438,00

(7 14 3 0) , 4085349,25

(15 14 3 0) , 17122,00

(9 14 6 0) , 17596,00

(5 9 4 12) , 16658,00

(9 14 10 0) , 16764,00

(1 1 13 3) , 17750,00

(5 8 3 4) , 3057221,75

(16 19 9 2) , 14088,00

(3 10 15 12) , 13953,00

(9 20 4 11) , 14085,00

(4 14 3 0) , 3482192,50

(9 14 12 2) , 15836,00

(9 14 13 16) , 11135,00

(2 19 3 0) , 17370,00

(16 14 3 2) , 16437,00

(11 9 3 3) , 17539,00

(16 20 0 0) , 16587,00

(7 0 0 11) , 17403,00

(2 16 2 4) , 17671,00

(6 10 3 5) , 17883,00

(17 14 12 8) , 12212,00

(17 15 10 6) , 13233,00

(1 11 3 0) , 2238790,25

(8 15 15 11) , 12229,00

(2 14 3 0) , 3098856,00

(9 14 3 0) , 4505438,00

(9 9 3 9) , 16673,00

(9 13 2 9) , 16345,00

(15 19 5 0) , 15809,00

(15 13 0 0) , 17446,00

(13 11 10 0) , 16423,00

(9 20 3 6) , 15692,00

(9 15 9 10) , 14038,00

(9 0 3 16) , 15509,00

(9 8 2 15) , 15272,00

(13 12 12 3) , 15141,00

(2 14 6 13) , 15620,00

(4 7 3 17) , 15776,00

(4 19 3 0) , 17370,00

(16 14 3 7) , 15138,00

(9 3 13 12) , 14536,00

(9 19 3 0) , 17285,00

(3 14 3 0) , 3288598,50

(9 11 3 15) , 14719,00

(2 6 8 11) , 17095,00

(9 8 8 8) , 16372,00

(9 14 1 16) , 14325,00

(9 8 5 0) , 3482192,50

(9 14 2 2) , 17846,00

(9 18 14 0) , 15068,00

(17 7 2 5) , 16071,00

(9 5 10 3) , 17258,00

(15 14 6 13) , 12740,00

(12 14 11 14) , 11674,00

(12 14 5 0) , 17435,00

(14 14 7 0) , 16537,00

(17 6 0 14) , 14234,00

(9 14 6 15) , 13458,00

(9 7 1 0) , 2276170,00

(15 2 5 0) , 17362,00

(11 14 3 0) , 17844,00

(15 15 3 0) , 17036,00

(0 16 3 4) , 17573,00

(9 19 8 0) , 16245,00

(9 15 3 4) , 17250,00

(14 14 6 5) , 15434,00

(8 14 3 0) , 4293636,50

(15 13 14 7) , 12633,00

(9 7 13 0) , 16890,00

(9 1 5 13) , 15951,00

(9 17 3 14) , 14026,00

(8 16 2 6) , 16913,00

(11 14 11 1) , 15937,00

(17 18 5 3) , 14781,00

(8 19 3 16) , 13189,00

(10 1 5 0) , 2055177,13

(16 20 2 11) , 13077,00

(16 16 8 2) , 14945,00

(9 13 3 0) , 4235424,00

(9 13 12 0) , 16412,00

(14 4 2 0) , 17763,00

(14 20 10 17) , 9287,00

(6 14 0 6) , 17611,00

(9 8 2 12) , 16128,00

(9 12 6 15) , 13868,00

(13 9 11 2) , 16009,00

(11 14 8 8) , 14726,00

(16 7 4 11) , 14713,00

(0 3 9 0) , 1721891,13

(9 5 3 6) , 17506,00

(17 14 3 0) , 16708,00

(11 14 0 5) , 17013,00

(7 14 9 11) , 14373,00

(14 10 2 0) , 17569,00

(2 5 15 4) , 16765,00

(10 5 3 4) , 17693,00

(3 14 3 11) , 16638,00

(7 11 3 0) , 3320598,50

(9 14 15 7) , 13517,00

(14 5 3 5) , 16668,00

(14 13 4 2) , 16861,00

(1 11 0 9) , 17757,00

(7 14 3 0) , 4085349,25

(8 15 8 7) , 15441,00

(9 7 3 0) , 2741241,50

(3 13 2 16) , 15654,00

(11 14 3 12) , 14777,00

(3 0 2 4) , 155275,23

(11 0 8 0) , 17854,00

(17 11 10 12) , 12085,00

(16 8 2 9) , 15426,00

(7 12 4 1) , 4062425,75

(9 14 12 16) , 11420,00

(15 19 8 10) , 12129,00

(5 10 0 8) , 17762,00

(9 13 3 0) , 4235424,00

(13 16 13 1) , 14629,00

(0 8 9 10) , 17001,00

(12 7 3 8) , 16419,00

(13 9 11 8) , 14438,00

(9 4 11 0) , 17616,00

(3 14 3 4) , 17831,00

(9 18 2 1) , 17499,00

(13 19 3 17) , 11716,00

(9 14 12 7) , 14372,00

(16 14 14 17) , 8919,00

(9 2 3 0) , 279935,03

(1 6 13 11) , 15860,00

(4 10 0 13) , 16894,00

(0 14 13 0) , 16635,00

(7 0 13 7) , 16600,00

(9 14 3 6) , 16860,00

(12 14 15 9) , 12174,00

(15 14 3 0) , 17122,00

(16 14 7 0) , 16123,00

(9 2 3 12) , 16432,00

(9 14 15 0) , 15566,00

(1 13 13 15) , 13390,00

(9 4 3 1) , 2266804,75

(0 4 4 0) , 162118,27

(14 14 3 0) , 17329,00

(0 0 15 0) , 17759,00

(6 10 14 15) , 12685,00

(9 13 2 0) , 3959818,25

(2 18 6 0) , 17101,00

(9 3 11 9) , 15934,00

(1 5 7 15) , 16453,00

(15 1 3 0) , 17590,00

(8 17 7 16) , 12459,00

(11 10 3 0) , 17988,00

(9 3 9 5) , 17169,00

(12 13 3 1) , 17582,00

(2 12 3 15) , 16119,00

(2 4 3 2) , 225865,09

(1 14 3 4) , 17831,00

(9 18 3 0) , 17480,00

(9 14 10 5) , 15501,00

(1 14 15 0) , 16164,00

(12 16 3 0) , 17481,00

(4 14 12 0) , 16623,00

(1 14 3 3) , 17883,00

(9 14 3 16) , 13923,00

(13 12 8 9) , 14350,00

(9 6 9 0) , 17790,00

(9 19 8 1) , 16046,00

(9 14 7 1) , 17250,00

(9 3 7 0) , 2781339,50

(15 14 3 5) , 15891,00

(5 14 0 0) , 2913044,50

(11 14 5 8) , 15478,00

(11 10 3 6) , 16900,00

(2 0 1 16) , 17173,00

(10 6 6 6) , 16975,00

(13 7 3 15) , 14323,00

(0 12 15 13) , 13733,00

(9 14 3 16) , 13923,00

(9 4 1 3) , 2192371,25

(9 16 3 0) , 17846,00

(8 6 8 0) , 17957,00

(9 4 3 0) , 2082366,25

(5 15 9 17) , 12658,00

(9 14 3 4) , 17388,00

(6 14 10 7) , 15553,00

(3 10 14 4) , 16318,00

(6 0 3 14) , 16700,00

(9 14 7 0) , 17388,00

(14 14 15 0) , 14601,00

(0 14 3 15) , 16091,00

(7 9 3 0) , 2841864,00

(3 5 6 17) , 15770,00

(3 1 7 0) , 232394,00

(9 3 2 14) , 16044,00

(9 14 3 5) , 17133,00

(17 14 8 1) , 15421,00

(6 14 5 3) , 17515,00

(3 14 13 0) , 16470,00

(9 14 7 0) , 17388,00

(17 8 12 17) , 10490,00

(1 2 3 17) , 16800,00

(9 10 9 8) , 15719,00

(9 10 2 15) , 15060,00

(10 4 7 3) , 17525,00

(7 1 13 13) , 14988,00

----------------------------- 
