(9 14 3 0) , 515470,84

(9 14 3 0) , 515470,84

(9 14 3 0) , 515470,84

(9 14 3 0) , 515470,84

(9 14 3 0) , 515470,84

(9 14 3 0) , 515470,84

(9 14 3 0) , 515470,84

(9 14 3 0) , 515470,84

(9 14 3 0) , 515470,84

(9 14 3 0) , 515470,84

(9 14 3 0) , 515470,84

(9 14 3 0) , 515470,84

(9 14 3 0) , 515470,84

(9 14 3 0) , 515470,84

(9 14 3 0) , 515470,84

(9 14 3 0) , 515470,84

(9 14 3 0) , 515470,84

(9 14 3 0) , 515470,84

(9 14 3 0) , 515470,84

(9 14 3 0) , 515470,84

(9 14 3 0) , 515470,84

(9 14 3 0) , 515470,84

(9 14 3 0) , 515470,84

(9 14 3 0) , 515470,84

(9 14 3 0) , 515470,84

(9 14 3 0) , 515470,84

(9 14 3 0) , 515470,84

(9 14 3 0) , 515470,84

(9 14 3 0) , 515470,84

(9 14 3 0) , 515470,84

(9 14 3 0) , 515470,84

(9 14 3 0) , 515470,84

(9 14 3 0) , 515470,84

(9 14 3 0) , 515470,84

(9 14 3 0) , 515470,84

(9 14 3 0) , 515470,84

(9 14 3 0) , 515470,84

(9 14 3 0) , 515470,84

(9 14 3 0) , 515470,84

(9 14 3 0) , 515470,84

(9 14 2 0) , 494462,47

(9 11 4 0) , 476234,78

(9 14 3 0) , 515470,84

(9 14 3 0) , 515470,84

(9 14 3 0) , 515470,84

(8 7 3 0) , 363675,19

(6 14 3 0) , 468468,34

(9 10 3 0) , 435987,91

(9 14 3 0) , 515470,84

(8 14 3 0) , 499697,19

(9 13 3 0) , 495334,13

(2 14 3 0) , 407373,16

(1 8 15 16) , 13483,00

(11 10 3 0) , 17988,00

(9 9 3 0) , 416583,03

(2 14 3 0) , 407373,16

(9 14 3 0) , 515470,84

(9 14 1 0) , 473642,94

(9 14 3 0) , 515470,84

(9 14 3 0) , 515470,84

(9 14 3 0) , 515470,84

(9 14 3 0) , 515470,84

(9 14 3 0) , 515470,84

(9 14 3 0) , 515470,84

(9 14 3 0) , 515470,84

(9 14 3 0) , 515470,84

(12 14 3 0) , 17709,00

(9 14 3 0) , 515470,84

(5 14 3 0) , 453019,16

(9 14 3 0) , 515470,84

(9 0 7 0) , 325936,13

(9 14 3 0) , 515470,84

(9 14 3 0) , 515470,84

(9 14 3 0) , 515470,84

(9 14 3 0) , 515470,84

(9 14 3 0) , 515470,84

(2 14 3 0) , 407373,16

(9 10 3 0) , 435987,91

(12 14 1 0) , 17833,00

(9 14 3 0) , 515470,84

(9 14 3 0) , 515470,84

(9 14 3 0) , 515470,84

(9 14 3 0) , 515470,84

(8 14 3 0) , 499697,19

(9 14 3 0) , 515470,84

(9 14 3 0) , 515470,84

(9 14 3 0) , 515470,84

(9 14 3 0) , 515470,84

(15 3 3 9) , 15745,00

(9 14 3 0) , 515470,84

(7 14 3 0) , 484028,66

(7 14 3 0) , 484028,66

(9 14 3 0) , 515470,84

(9 8 3 1) , 414066,59

(9 14 3 0) , 515470,84

(9 14 3 0) , 515470,84

(9 14 3 0) , 515470,84

(8 14 3 0) , 499697,19

(9 6 3 0) , 359613,31

(9 12 3 0) , 475370,47

(9 14 2 0) , 494462,47

(8 14 3 0) , 499697,19

(3 10 3 2) , 379207,72

(0 11 0 0) , 266468,31

(9 6 0 4) , 366117,50

(9 14 3 0) , 515470,84

(9 14 3 0) , 515470,84

(9 14 3 0) , 515470,84

(9 14 3 0) , 515470,84

(9 14 3 0) , 515470,84

(9 14 3 0) , 515470,84

(8 14 3 0) , 499697,19

(9 14 3 0) , 515470,84

(9 14 3 0) , 515470,84

(9 9 3 0) , 416583,03

(8 14 3 0) , 499697,19

(9 14 3 0) , 515470,84

(9 14 3 0) , 515470,84

(9 14 3 0) , 515470,84

(5 11 0 2) , 368563,66

(9 14 11 0) , 16534,00

(2 14 2 0) , 387443,28

(9 14 3 0) , 515470,84

(9 14 3 0) , 515470,84

(9 14 3 0) , 515470,84

(8 9 3 0) , 401536,69

(9 14 3 0) , 515470,84

(9 8 3 0) , 397379,63

(9 15 3 12) , 15066,00

(9 14 3 0) , 515470,84

(9 14 3 0) , 515470,84

(9 14 3 0) , 515470,84

(9 14 3 0) , 515470,84

(7 14 3 0) , 484028,66

(9 9 3 0) , 416583,03

(9 6 0 4) , 366117,50

(9 13 3 0) , 495334,13

(9 14 3 0) , 515470,84

(4 14 3 0) , 437684,56

(9 14 3 0) , 515470,84

(7 14 2 0) , 463306,09

(9 14 3 0) , 515470,84

(9 14 3 0) , 515470,84

(1 14 3 0) , 392404,19

(3 12 3 1) , 400704,44

(9 14 3 0) , 515470,84

(9 13 3 0) , 495334,13

(12 10 4 13) , 14643,00

(9 14 3 0) , 515470,84

(9 14 3 8) , 16314,00

(9 14 3 0) , 515470,84

(9 14 3 0) , 515470,84

(9 14 3 0) , 515470,84

(9 14 3 0) , 515470,84

(9 13 3 0) , 495334,13

(9 14 3 0) , 515470,84

(7 14 3 0) , 484028,66

(7 14 3 0) , 484028,66

(9 14 3 0) , 515470,84

(4 2 4 4) , 297741,81

(2 14 3 0) , 407373,16

(3 10 3 2) , 379207,72

(9 0 7 0) , 325936,13

(9 12 3 0) , 475370,47

(12 14 1 3) , 17208,00

(9 14 3 0) , 515470,84

(9 14 3 0) , 515470,84

(9 14 3 0) , 515470,84

(9 14 3 0) , 515470,84

(1 14 3 0) , 392404,19

(9 14 3 0) , 515470,84

(9 14 3 0) , 515470,84

(9 14 3 0) , 515470,84

(8 14 3 0) , 499697,19

(8 14 3 0) , 499697,19

(15 14 3 13) , 13533,00

(9 14 3 0) , 515470,84

(7 16 6 14) , 13834,00

(8 14 3 0) , 499697,19

(9 14 3 0) , 515470,84

(4 14 13 4) , 15777,00

(9 14 3 0) , 515470,84

(9 14 3 0) , 515470,84

(9 14 3 0) , 515470,84

(9 14 2 0) , 494462,47

(1 14 3 0) , 392404,19

(9 14 3 0) , 515470,84

(9 14 3 0) , 515470,84

(10 12 3 0) , 490979,25

(8 14 3 0) , 499697,19

(9 14 3 0) , 515470,84

(3 14 2 0) , 402369,31

(9 14 3 0) , 515470,84

(1 14 3 0) , 392404,19

(8 12 3 14) , 15120,00

(9 14 3 0) , 515470,84

(9 11 4 0) , 476234,78

(9 14 3 0) , 515470,84

(9 14 3 0) , 515470,84

(7 14 3 0) , 484028,66

(6 14 3 0) , 468468,34

(9 11 10 0) , 17124,00

(9 5 3 0) , 341071,00

(12 14 3 0) , 17709,00

(8 14 3 0) , 499697,19

(9 14 3 0) , 515470,84

(7 14 4 2) , 17822,00

(9 10 3 0) , 435987,91

(9 14 5 6) , 16438,00

(4 14 3 0) , 437684,56

(1 13 0 0) , 315680,09

(9 14 3 15) , 14251,00

(15 2 2 11) , 15462,00

(4 2 4 5) , 313325,09

(9 14 4 0) , 17960,00

(7 1 10 1) , 17911,00

(14 14 3 7) , 15552,00

(4 11 4 5) , 17880,00

(5 9 3 8) , 17613,00

(13 14 10 7) , 14026,00

(9 11 3 0) , 455586,16

(10 14 4 0) , 17895,00

(9 14 0 0) , 453019,16

(14 0 3 0) , 17789,00

(11 20 3 13) , 13281,00

(10 18 2 10) , 15045,00

(0 2 7 3) , 47061,55

(12 5 8 1) , 17390,00

(9 14 3 0) , 515470,84

(6 1 7 9) , 17160,00

(11 18 3 2) , 16780,00

(15 17 3 5) , 15338,00

(9 14 3 11) , 15495,00

(2 20 3 0) , 17201,00

(14 12 3 15) , 13418,00

(9 9 12 17) , 12117,00

(7 14 3 0) , 484028,66

(9 14 3 0) , 515470,84

(0 2 3 3) , 35326,64

(9 15 7 0) , 17218,00

(9 9 6 16) , 14100,00

(6 12 3 0) , 429216,03

(12 14 3 0) , 17709,00

(9 14 3 0) , 515470,84

(2 14 3 12) , 16533,00

(9 14 3 0) , 515470,84

(2 17 6 14) , 14763,00

(9 14 3 2) , 17784,00

(9 10 3 0) , 435987,91

(8 14 3 0) , 499697,19

(9 14 6 0) , 17596,00

(6 9 3 16) , 15390,00

(9 13 12 5) , 15222,00

(14 2 9 0) , 17185,00

(9 14 3 0) , 515470,84

(3 1 13 0) , 17878,00

(9 14 3 0) , 515470,84

(10 9 11 4) , 16188,00

(3 14 3 0) , 422467,91

(9 14 11 0) , 16534,00

(9 11 11 0) , 16894,00

(7 12 3 7) , 17267,00

(9 14 3 9) , 16041,00

(6 14 3 0) , 468468,34

(8 14 3 0) , 499697,19

(9 14 3 0) , 515470,84

(12 14 3 0) , 17709,00

(16 8 13 14) , 11418,00

(9 20 4 8) , 14904,00

(9 14 3 0) , 515470,84

(0 19 1 0) , 17662,00

(9 19 11 0) , 15599,00

(13 7 2 10) , 15904,00

(9 14 3 0) , 515470,84

(2 14 3 0) , 407373,16

(7 14 3 0) , 484028,66

(9 5 3 0) , 341071,00

(9 14 14 0) , 15808,00

(6 14 13 0) , 16305,00

(9 12 3 1) , 18004,00

(9 14 1 0) , 473642,94

(5 13 3 0) , 433445,66

(9 14 3 0) , 515470,84

(2 18 3 0) , 17539,00

(9 1 3 14) , 15977,00

(16 16 12 1) , 14250,00

(9 14 3 0) , 515470,84

(9 14 3 0) , 515470,84

(3 10 3 2) , 379207,72

(9 14 3 0) , 515470,84

(9 14 3 0) , 515470,84

(9 19 1 0) , 17657,00

(9 14 3 0) , 515470,84

(8 10 3 0) , 420784,66

(9 14 3 0) , 515470,84

(9 14 3 0) , 515470,84

(10 14 0 0) , 18009,00

(9 14 3 0) , 515470,84

(9 8 3 0) , 397379,63

(9 14 3 0) , 515470,84

(7 14 0 16) , 14984,00

(9 0 3 0) , 42051,17

(8 14 3 0) , 499697,19

(0 6 3 4) , 49108,35

(16 16 4 14) , 12343,00

(9 14 12 16) , 11420,00

(5 16 13 3) , 15502,00

(9 6 0 4) , 366117,50

(9 14 3 0) , 515470,84

(9 16 3 14) , 14231,00

(9 14 3 0) , 515470,84

(13 20 3 7) , 14591,00

(8 14 3 0) , 499697,19

(3 14 3 0) , 422467,91

(8 3 15 0) , 17013,00

(0 13 15 1) , 16233,00

(9 14 3 0) , 515470,84

(9 13 3 0) , 495334,13

(9 14 3 14) , 14579,00

(9 14 3 0) , 515470,84

(5 1 3 1) , 38523,00

(9 14 3 0) , 515470,84

(9 14 3 0) , 515470,84

(9 14 3 0) , 515470,84

(6 14 3 11) , 16116,00

(9 14 12 0) , 16292,00

(6 17 15 14) , 11293,00

(13 11 10 0) , 16423,00

(12 14 3 0) , 17709,00

(16 8 3 0) , 17131,00

(9 14 3 0) , 515470,84

(9 14 3 12) , 15222,00

(9 5 3 0) , 341071,00

(9 14 3 0) , 515470,84

(16 12 9 0) , 15909,00

(5 11 3 4) , 17999,00

(9 14 3 12) , 15222,00

(9 12 3 9) , 16353,00

(9 14 3 0) , 515470,84

(9 14 3 0) , 515470,84

(7 16 3 12) , 15288,00

(8 9 3 0) , 401536,69

(7 19 14 1) , 14900,00

(6 10 3 1) , 407373,16

(9 14 5 0) , 17804,00

(7 14 3 0) , 484028,66

(9 20 3 0) , 17080,00

(3 16 3 0) , 17863,00

(12 14 3 0) , 17709,00

(12 14 3 0) , 17709,00

(7 14 3 0) , 484028,66

(8 14 3 0) , 499697,19

(9 14 3 0) , 515470,84

(9 14 5 0) , 17804,00

(3 14 3 0) , 422467,91

(9 14 3 0) , 515470,84

(9 9 6 0) , 17963,00

(4 14 3 0) , 437684,56

(9 17 7 0) , 16838,00

(9 20 14 0) , 14668,00

(14 8 3 0) , 17545,00

(15 2 2 11) , 15462,00

(9 14 3 0) , 515470,84

(8 9 11 5) , 16361,00

(7 10 3 1) , 422467,91

(2 8 15 13) , 14195,00

(9 14 3 0) , 515470,84

(8 14 3 0) , 499697,19

(15 2 2 11) , 15462,00

(9 10 3 0) , 435987,91

(0 11 4 0) , 341071,00

(9 19 3 0) , 17285,00

(9 14 3 0) , 515470,84

(9 14 3 0) , 515470,84

(12 13 8 12) , 13390,00

(9 11 1 13) , 15657,00

(2 14 11 16) , 13308,00

(3 12 3 4) , 17971,00

(9 14 3 0) , 515470,84

(14 20 0 0) , 17001,00

(11 9 9 0) , 17349,00

(8 14 3 0) , 499697,19

(9 14 3 0) , 515470,84

(2 14 3 0) , 407373,16

(6 14 3 0) , 468468,34

(11 10 3 0) , 17988,00

(9 14 3 0) , 515470,84

(2 14 3 0) , 407373,16

(11 14 11 17) , 10919,00

(9 13 7 4) , 16705,00

(16 14 8 2) , 15355,00

(10 14 3 0) , 17979,00

(9 5 3 0) , 341071,00

(8 9 11 5) , 16361,00

(8 14 10 4) , 15981,00

(8 14 3 0) , 499697,19

(2 14 3 0) , 407373,16

(1 14 2 0) , 372649,13

(9 14 3 0) , 515470,84

(1 14 3 0) , 392404,19

(9 15 3 12) , 15066,00

(1 14 3 0) , 392404,19

(9 11 7 7) , 16296,00

(7 14 3 15) , 14709,00

(3 14 11 0) , 16886,00

(9 20 3 0) , 17080,00

(10 14 3 5) , 16926,00

(16 14 3 0) , 16915,00

(9 14 2 0) , 494462,47

(3 13 3 0) , 403202,28

(9 14 0 0) , 453019,16

(0 6 3 4) , 49108,35

(9 14 3 0) , 515470,84

(9 10 3 0) , 435987,91

(9 14 3 0) , 515470,84

(9 10 3 0) , 435987,91

(17 4 3 16) , 13421,00

(7 16 3 0) , 17863,00

(12 14 3 0) , 17709,00

(9 14 3 0) , 515470,84

(9 12 3 1) , 18004,00

(7 10 3 0) , 405703,66

(9 8 3 0) , 397379,63

(2 12 3 14) , 16351,00

(9 2 3 2) , 318039,53

(9 14 3 0) , 515470,84

(9 14 3 0) , 515470,84

(9 14 3 0) , 515470,84

(9 19 8 13) , 12519,00

(8 14 0 5) , 17580,00

(9 14 3 0) , 515470,84

(9 14 3 0) , 515470,84

(9 14 9 17) , 11947,00

(8 14 3 12) , 15429,00

(9 14 3 0) , 515470,84

(9 14 3 0) , 515470,84

(9 14 0 2) , 17923,00

(5 11 1 5) , 17989,00

(9 16 13 0) , 15690,00

(9 14 0 0) , 453019,16

(12 14 3 0) , 17709,00

(8 12 6 9) , 15994,00

(0 13 4 0) , 378386,44

(9 4 3 0) , 322771,66

(9 15 8 0) , 17010,00

(11 3 12 0) , 17252,00

(9 12 3 0) , 475370,47

(3 5 3 0) , 42916,43

(9 14 3 0) , 515470,84

(4 18 3 3) , 17281,00

(1 10 3 0) , 53006,59

(9 11 3 0) , 455586,16

(9 14 9 0) , 16972,00

(9 10 3 17) , 14219,00

(2 8 15 13) , 14195,00

(9 14 14 0) , 15808,00

(6 9 4 2) , 424995,69

(9 14 9 7) , 15197,00

(0 11 15 0) , 16579,00

(9 14 3 0) , 515470,84

(9 14 3 0) , 515470,84

(9 14 3 0) , 515470,84

(9 0 8 13) , 15570,00

(13 14 3 0) , 17536,00

(12 9 2 17) , 13871,00

(9 4 3 9) , 16951,00

(0 12 3 0) , 340270,25

(3 16 3 0) , 17863,00

(9 14 13 0) , 16050,00

(9 14 7 1) , 17250,00

(7 14 3 0) , 484028,66

(4 20 3 0) , 17201,00

(9 8 3 0) , 397379,63

(15 12 3 17) , 12533,00

(15 5 13 16) , 11606,00

(9 14 2 3) , 17671,00

(9 14 3 0) , 515470,84

(0 11 15 0) , 16579,00

(9 14 2 0) , 494462,47

(1 14 3 0) , 392404,19

(11 14 15 0) , 15222,00

(17 7 3 4) , 16172,00

(3 10 3 2) , 379207,72

(9 14 3 0) , 515470,84

(5 16 14 0) , 15792,00

(13 6 11 10) , 14337,00

(4 2 1 13) , 17345,00

(8 18 3 2) , 17219,00

(9 14 3 0) , 515470,84

(9 14 3 0) , 515470,84

(9 16 3 0) , 17846,00

(3 14 0 14) , 16392,00

(9 14 4 0) , 17960,00

(9 18 7 0) , 16648,00

(17 18 3 17) , 11005,00

(9 8 3 0) , 397379,63

(2 10 3 0) , 55381,34

(9 14 3 2) , 17784,00

(9 1 14 16) , 13417,00

(13 14 4 0) , 17418,00

(4 17 5 0) , 17416,00

(9 16 3 0) , 17846,00

(2 14 13 0) , 16525,00

(10 10 3 9) , 16360,00

(9 5 3 0) , 341071,00

(9 12 3 0) , 475370,47

(7 3 8 0) , 371831,19

(9 12 3 17) , 13907,00

(9 14 3 0) , 515470,84

(9 14 3 0) , 515470,84

(8 14 3 0) , 499697,19

(9 16 3 12) , 14874,00

(9 18 9 14) , 12111,00

(1 2 3 8) , 299290,84

(15 14 3 2) , 16644,00

(9 14 0 0) , 453019,16

(9 17 3 4) , 16853,00

(10 14 3 0) , 17979,00

(9 14 6 0) , 17596,00

(3 14 8 15) , 14262,00

(9 11 14 0) , 16168,00

(4 20 4 7) , 16061,00

(9 14 3 14) , 14579,00

(9 14 3 0) , 515470,84

(9 14 3 0) , 515470,84

(9 14 3 0) , 515470,84

(9 14 5 0) , 17804,00

(17 12 6 14) , 12364,00

(9 5 12 0) , 17366,00

(4 14 3 12) , 16257,00

(9 1 3 5) , 17787,00

(0 6 3 13) , 17481,00

(9 4 0 17) , 15366,00

(9 14 3 0) , 515470,84

(9 14 3 8) , 16314,00

(9 14 3 0) , 515470,84

(9 1 3 1) , 284661,25

(9 5 14 0) , 16888,00

(9 14 3 0) , 515470,84

(9 14 3 0) , 515470,84

(12 17 3 5) , 15959,00

(9 14 15 4) , 14501,00

(9 14 3 0) , 515470,84

(9 14 3 0) , 515470,84

(13 14 3 1) , 17307,00

(7 5 5 0) , 350715,72

(0 5 4 2) , 44161,22

(10 12 3 0) , 490979,25

(6 16 13 0) , 15945,00

(5 12 6 3) , 17738,00

(10 18 2 10) , 15045,00

(14 14 7 0) , 16537,00

(9 14 4 0) , 17960,00

(0 19 3 0) , 17370,00

(9 12 3 0) , 475370,47

(9 11 1 2) , 448747,91

(9 14 3 0) , 515470,84

(17 14 6 0) , 16158,00

(9 10 14 1) , 16108,00

(6 14 7 2) , 17257,00

(9 14 3 4) , 17388,00

(4 11 13 16) , 12895,00

(9 14 3 12) , 15222,00

(9 14 3 0) , 515470,84

(9 7 3 1) , 394890,06

(13 14 1 0) , 17698,00

(9 14 3 4) , 17388,00

(9 14 3 0) , 515470,84

(9 14 3 0) , 515470,84

(7 14 3 16) , 14381,00

(13 14 3 1) , 17307,00

(13 7 3 0) , 17788,00

(3 16 4 0) , 17731,00

(9 14 3 14) , 14579,00

(9 14 3 0) , 515470,84

(9 7 9 0) , 17720,00

(2 13 3 14) , 16210,00

(7 5 3 0) , 52090,18

(9 14 3 0) , 515470,84

(13 4 9 7) , 15883,00

(9 12 7 0) , 17628,00

(3 1 3 1) , 34281,90

(9 14 3 0) , 515470,84

(2 14 3 16) , 15526,00

(4 16 3 0) , 17863,00

(3 12 13 13) , 13856,00

(9 2 3 2) , 318039,53

(9 14 3 0) , 515470,84

(6 14 3 0) , 468468,34

(9 14 2 10) , 15926,00

(7 14 3 0) , 484028,66

(9 14 3 0) , 515470,84

(9 14 3 0) , 515470,84

(8 14 3 0) , 499697,19

(17 14 3 4) , 15732,00

(6 1 14 1) , 17493,00

(1 14 3 17) , 15414,00

(11 13 7 0) , 17293,00

(6 15 12 0) , 16343,00

(9 14 3 0) , 515470,84

(0 13 15 5) , 15639,00

(3 18 2 0) , 17685,00

(8 3 3 12) , 16603,00

(3 14 6 0) , 17757,00

(9 2 3 0) , 47826,37

(0 10 7 3) , 17935,00

(1 14 3 0) , 392404,19

(9 14 3 0) , 515470,84

(7 17 3 0) , 17708,00

(9 14 3 0) , 515470,84

(9 14 10 0) , 16764,00

(13 11 4 6) , 16284,00

(3 14 3 0) , 422467,91

(2 14 3 7) , 17457,00

(9 14 3 2) , 17784,00

(15 14 1 8) , 15342,00

(9 14 0 0) , 453019,16

(9 14 7 0) , 17388,00

(9 14 3 0) , 515470,84

(7 16 3 0) , 17863,00

(3 14 3 0) , 422467,91

(7 15 8 16) , 12813,00

(11 14 3 8) , 15900,00

(9 14 10 0) , 16764,00

(16 7 9 0) , 16492,00

(9 14 9 0) , 16972,00

(8 14 3 0) , 499697,19

(9 14 3 0) , 515470,84

(9 14 3 0) , 515470,84

(7 14 3 0) , 484028,66

(17 18 0 0) , 16592,00

(1 14 12 12) , 14346,00

(9 2 9 0) , 17924,00

(12 14 3 5) , 16512,00

(3 3 6 0) , 46173,48

(9 14 3 12) , 15222,00

(2 9 0 4) , 320403,41

(10 10 11 13) , 13280,00

(9 14 3 0) , 515470,84

(9 12 3 0) , 475370,47

(9 14 3 0) , 515470,84

(11 14 3 0) , 17844,00

(8 14 3 0) , 499697,19

(3 14 11 0) , 16886,00

(7 11 11 7) , 15730,00

(9 14 3 0) , 515470,84

(8 14 10 4) , 15981,00

(9 14 3 0) , 515470,84

(9 14 3 0) , 515470,84

(9 14 3 5) , 17133,00

(1 15 3 0) , 17969,00

(9 10 3 0) , 435987,91

(9 13 14 0) , 15928,00

(13 14 10 6) , 14354,00

(9 10 13 15) , 12283,00

(3 16 3 0) , 17863,00

(9 14 3 12) , 15222,00

(3 14 3 0) , 422467,91

(6 1 14 1) , 17493,00

(10 14 3 4) , 17181,00

(9 11 6 5) , 17084,00

(16 19 13 0) , 13666,00

(12 0 9 1) , 17474,00

(3 12 3 0) , 384144,16

(9 11 3 0) , 455586,16

(9 14 3 0) , 515470,84

(9 5 3 0) , 341071,00

(9 13 13 13) , 12324,00

(9 14 0 0) , 453019,16

(9 14 3 0) , 515470,84

(2 14 3 8) , 17299,00

(14 18 12 5) , 13063,00

(0 14 11 0) , 17027,00

(9 19 3 0) , 17285,00

(1 10 14 2) , 16640,00

(6 14 3 0) , 468468,34

(0 14 3 0) , 377565,59

(9 14 3 5) , 17133,00

(16 4 3 0) , 17275,00

(9 12 3 0) , 475370,47

(9 12 3 0) , 475370,47

(2 14 2 0) , 387443,28

(6 14 3 4) , 17693,00

(0 6 3 4) , 49108,35

(5 6 11 0) , 17718,00

(9 14 3 0) , 515470,84

(9 14 3 0) , 515470,84

(5 14 6 0) , 17757,00

(9 1 6 15) , 15308,00

(13 14 13 0) , 15292,00

(9 0 3 0) , 42051,17

(9 14 13 0) , 16050,00

(13 14 3 1) , 17307,00

(16 14 2 0) , 17011,00

(9 14 3 0) , 515470,84

(9 11 3 0) , 455586,16

(12 14 3 6) , 16239,00

(6 14 7 2) , 17257,00

(5 11 0 2) , 368563,66

(8 14 9 11) , 14144,00

(1 18 3 14) , 15498,00

(11 14 9 0) , 16674,00

(12 14 3 3) , 17016,00

(9 14 1 0) , 473642,94

(2 13 4 4) , 17901,00

(9 9 14 7) , 14821,00

(7 14 3 0) , 484028,66

(15 14 3 13) , 13533,00

(9 14 3 0) , 515470,84

(7 11 11 7) , 15730,00

(9 16 14 14) , 11096,00

(3 14 3 0) , 422467,91

(9 1 13 2) , 17154,00

(11 14 5 8) , 15478,00

(12 17 8 4) , 15022,00

(3 5 13 1) , 17444,00

(12 5 8 1) , 17390,00

(9 14 11 0) , 16534,00

(9 14 3 5) , 17133,00

(1 14 3 0) , 392404,19

(9 9 3 0) , 416583,03

(9 14 12 17) , 11092,00

(9 6 3 5) , 17667,00

(2 15 13 9) , 14583,00

(9 2 2 16) , 15576,00

(4 14 8 2) , 17159,00

(9 14 3 0) , 515470,84

(9 14 3 0) , 515470,84

(9 14 7 0) , 17388,00

(9 3 1 7) , 17573,00

(10 9 11 0) , 17007,00

(9 17 7 4) , 15885,00

(9 9 11 0) , 17134,00

(5 12 0 0) , 354753,44

(11 18 3 15) , 13035,00

(3 14 8 2) , 17214,00

(9 14 3 0) , 515470,84

(9 14 3 0) , 515470,84

(9 12 3 0) , 475370,47

(9 14 3 0) , 515470,84

(9 12 3 0) , 475370,47

(9 14 3 0) , 515470,84

(9 12 3 0) , 475370,47

(9 14 3 9) , 16041,00

(8 14 1 0) , 458156,31

(7 14 3 0) , 484028,66

(9 14 3 0) , 515470,84

(8 3 15 1) , 16833,00

(9 6 1 12) , 16436,00

(9 14 3 0) , 515470,84

(9 14 3 14) , 14579,00

(12 14 1 3) , 17208,00

(9 14 3 0) , 515470,84

(9 14 3 0) , 515470,84

(9 12 3 0) , 475370,47

(8 14 3 0) , 499697,19

(9 14 3 0) , 515470,84

(3 13 2 0) , 383320,38

(0 1 3 13) , 17682,00

(9 8 3 0) , 397379,63

(7 13 8 0) , 17410,00

(11 14 12 16) , 10962,00

(9 14 11 11) , 13345,00

(5 7 3 1) , 56045,55

(9 12 3 12) , 15534,00

(0 19 11 0) , 16121,00

(8 12 3 14) , 15120,00

(3 14 3 0) , 422467,91

(5 9 3 0) , 59530,23

(9 12 11 0) , 16774,00

(13 1 14 0) , 16723,00

(9 14 3 0) , 515470,84

(9 9 11 7) , 15676,00

(3 18 4 2) , 17241,00

(9 14 3 0) , 515470,84

(8 14 3 0) , 499697,19

(7 14 3 0) , 484028,66

(9 14 3 0) , 515470,84

(1 14 3 0) , 392404,19

(9 14 3 0) , 515470,84

(12 5 3 12) , 15650,00

(8 14 3 0) , 499697,19

(15 12 3 0) , 17194,00

(3 15 8 0) , 17316,00

(9 11 3 2) , 17943,00

(8 14 1 12) , 15745,00

(9 10 3 0) , 435987,91

(3 12 3 0) , 384144,16

(12 14 9 13) , 12572,00

(16 20 2 5) , 14758,00

(8 8 3 10) , 16737,00

(9 9 0 4) , 17988,00

(4 11 4 0) , 399872,66

(9 14 3 7) , 16587,00

(9 3 3 0) , 304728,91

(9 12 3 0) , 475370,47

(7 14 13 2) , 15860,00

(9 14 3 0) , 515470,84

(9 14 2 0) , 494462,47

(6 11 10 0) , 17289,00

(9 12 11 12) , 13427,00

(9 3 2 0) , 47698,67

(11 14 4 6) , 16266,00

(9 14 1 4) , 17558,00

(15 13 3 10) , 14673,00

(4 5 9 2) , 17971,00

(4 7 0 9) , 17914,00

(9 14 13 0) , 16050,00

(7 0 1 13) , 16913,00

(17 17 6 9) , 12979,00

(17 1 15 16) , 11300,00

(0 13 2 7) , 17745,00

(7 14 11 0) , 16666,00

(12 14 8 3) , 15910,00

(2 11 15 0) , 16469,00

(10 12 0 3) , 17868,00

(9 14 0 12) , 15684,00

(9 12 6 0) , 17808,00

(15 14 10 0) , 15604,00

(12 14 3 0) , 17709,00

(8 9 10 4) , 16783,00

(9 13 7 2) , 17248,00

(16 10 4 0) , 16963,00

(9 11 7 1) , 17642,00

(9 3 3 5) , 17745,00

(16 9 2 10) , 15071,00

(4 7 5 9) , 17480,00

(9 18 3 5) , 16375,00

(3 2 3 7) , 311757,59

(4 12 13 7) , 15429,00

(9 14 4 12) , 15012,00

(16 16 13 14) , 9778,00

(15 5 3 0) , 17446,00

(9 14 12 0) , 16292,00

(12 1 3 12) , 15794,00

(4 16 3 0) , 17863,00

(12 3 8 0) , 17659,00

(8 14 14 1) , 15723,00

(5 6 5 1) , 356371,66

(3 14 3 7) , 17402,00

(4 8 3 1) , 56711,71

(11 5 2 3) , 17779,00

(7 14 2 6) , 17400,00

(9 20 8 4) , 15028,00

(9 14 3 9) , 16041,00

(9 14 5 6) , 16438,00

(9 1 3 0) , 44912,90

(14 14 3 3) , 16602,00

(14 14 10 0) , 15811,00

(15 10 0 0) , 17554,00

(17 13 1 0) , 16936,00

(13 6 12 17) , 11816,00

(8 11 13 3) , 15997,00

(3 14 3 0) , 422467,91

(14 16 13 2) , 14149,00

(15 0 3 17) , 13883,00

(11 0 3 5) , 17469,00

(9 14 8 12) , 13872,00

(7 4 8 12) , 16136,00

(9 1 0 13) , 16559,00

(9 14 3 4) , 17388,00

(0 17 3 4) , 17404,00

(10 17 0 12) , 15021,00

(11 12 3 0) , 17916,00

(16 5 14 0) , 15644,00

(9 14 2 13) , 15107,00

(1 5 9 9) , 17494,00

(9 19 0 16) , 13746,00

(9 11 9 7) , 15812,00

(3 9 13 1) , 16964,00

(0 2 13 3) , 17735,00

(0 7 3 15) , 16974,00

(0 14 15 0) , 16219,00

(2 14 3 0) , 407373,16

(11 12 5 0) , 17784,00

(9 16 1 0) , 17899,00

(7 11 1 4) , 18013,00

(1 4 10 14) , 16242,00

(9 11 2 14) , 15248,00

(17 20 3 14) , 11579,00

(10 16 9 5) , 15126,00

(0 11 3 0) , 321981,75

(9 12 11 0) , 16774,00

(15 2 13 2) , 16010,00

(8 4 4 0) , 327521,25

(16 9 3 2) , 16701,00

(8 18 4 7) , 15794,00

(16 0 3 6) , 16237,00

(0 2 1 15) , 17541,00

(9 15 10 9) , 14081,00

(17 15 5 3) , 15396,00

(2 11 14 11) , 14484,00

(1 1 3 17) , 16845,00

(13 14 0 2) , 17346,00

(15 1 6 11) , 14942,00

(10 12 3 4) , 17393,00

(9 17 10 9) , 13671,00

(9 3 13 7) , 15916,00

(9 5 12 0) , 17366,00

(7 14 3 2) , 17906,00

(6 8 15 0) , 16609,00

(8 14 14 0) , 15935,00

(14 19 1 17) , 12057,00

(16 14 3 0) , 16915,00

(9 16 15 1) , 14973,00

(3 0 13 0) , 17927,00

(16 8 9 13) , 12886,00

(6 1 1 4) , 42174,47

(5 20 3 1) , 17125,00

(9 8 15 4) , 15499,00

(11 17 3 7) , 15620,00

(9 14 14 0) , 15808,00

(12 1 14 12) , 13834,00

(0 20 2 14) , 15487,00

(14 0 1 0) , 17857,00

(15 14 10 0) , 15604,00

(15 2 6 9) , 15410,00

(8 14 4 14) , 14585,00

(13 14 5 12) , 13811,00

(1 15 2 3) , 17813,00

(7 14 3 6) , 17274,00

(6 19 2 11) , 15395,00

(2 15 13 3) , 15881,00

(15 14 8 15) , 11514,00

(2 19 9 8) , 15121,00

(10 17 3 0) , 17560,00

(9 16 14 11) , 12080,00

(6 8 6 13) , 15927,00

(11 1 3 7) , 17039,00

(8 6 11 5) , 16721,00

(15 20 11 13) , 10085,00

(11 20 10 0) , 15222,00

(4 2 2 13) , 17249,00

(9 5 6 14) , 15338,00

(3 0 15 5) , 17108,00

(9 3 3 15) , 15653,00

(8 0 11 0) , 17897,00

(6 11 11 13) , 13991,00

(4 7 4 14) , 16548,00

(17 5 3 14) , 13923,00

(3 12 14 10) , 14432,00

(9 14 14 0) , 15808,00

(8 16 1 12) , 15433,00

(3 18 14 6) , 14438,00

(9 12 7 2) , 17382,00

(2 14 3 0) , 407373,16

(2 4 3 4) , 47826,37

(6 19 3 16) , 13647,00

(3 16 3 13) , 15843,00

(2 13 6 11) , 16291,00

(11 12 14 15) , 11130,00

(11 6 13 12) , 13629,00

(8 12 10 0) , 17059,00

(7 12 3 1) , 461588,09

(4 8 12 11) , 15326,00

(9 13 2 10) , 16082,00

(9 6 5 0) , 399041,25

(12 7 3 0) , 17954,00

(10 14 0 4) , 17469,00

(9 14 2 9) , 16199,00

(5 19 3 0) , 17370,00

(9 9 9 16) , 13300,00

(9 19 3 0) , 17285,00

(14 14 3 16) , 12778,00

(6 15 5 6) , 16805,00

(6 14 3 6) , 17395,00

(13 15 13 10) , 11982,00

(6 14 5 13) , 15086,00

(9 17 1 13) , 14797,00

(9 2 7 7) , 17033,00

(9 14 3 0) , 515470,84

(4 14 4 13) , 15804,00

(10 20 11 4) , 14095,00

(16 3 3 14) , 14302,00

(9 1 3 10) , 16862,00

(15 14 11 0) , 15362,00

(0 5 4 11) , 17764,00

(10 11 6 10) , 15484,00

(9 7 0 5) , 17919,00

(8 14 7 8) , 15615,00

(4 9 3 7) , 17850,00

(3 4 0 3) , 38643,09

(9 10 3 5) , 17523,00

(6 0 3 6) , 18011,00

(0 15 13 13) , 13733,00

(1 16 3 2) , 17725,00

(12 11 0 6) , 16875,00

(9 14 14 2) , 15352,00

(13 17 2 7) , 15448,00

(3 5 11 6) , 17296,00

(3 9 6 10) , 17101,00

(7 14 3 3) , 17772,00

(0 4 3 5) , 45794,30

(9 15 15 0) , 15396,00

(10 3 3 0) , 318827,00

(9 6 2 0) , 340270,25

(7 8 15 7) , 15096,00

(2 10 3 10) , 17473,00

(9 12 11 0) , 16774,00

(4 14 3 10) , 16743,00

----------------------------- 
