(9 14 3 0) , 191514,00

(9 14 3 0) , 191514,00

(9 14 3 0) , 191514,00

(9 14 3 0) , 191514,00

(9 14 3 0) , 191514,00

(9 14 3 0) , 191514,00

(9 14 3 0) , 191514,00

(9 14 3 0) , 191514,00

(9 14 3 0) , 191514,00

(9 14 3 0) , 191514,00

(9 14 3 0) , 191514,00

(9 14 3 0) , 191514,00

(9 14 3 0) , 191514,00

(9 14 3 0) , 191514,00

(9 14 3 0) , 191514,00

(9 14 3 0) , 191514,00

(9 14 3 0) , 191514,00

(9 14 3 0) , 191514,00

(9 14 3 0) , 191514,00

(9 14 3 0) , 191514,00

(9 14 3 0) , 191514,00

(9 14 3 0) , 191514,00

(9 14 3 0) , 191514,00

(9 14 3 0) , 191514,00

(9 14 3 0) , 191514,00

(9 14 3 0) , 191514,00

(9 14 3 0) , 191514,00

(9 14 3 0) , 191514,00

(9 14 3 0) , 191514,00

(9 14 3 0) , 191514,00

(9 14 3 0) , 191514,00

(9 14 3 0) , 191514,00

(9 14 3 0) , 191514,00

(9 14 3 0) , 191514,00

(9 14 3 0) , 191514,00

(9 14 3 0) , 191514,00

(9 14 3 0) , 191514,00

(9 14 3 0) , 191514,00

(9 14 3 0) , 191514,00

(9 14 3 0) , 191514,00

(9 14 3 0) , 191514,00

(9 14 3 16) , 13923,00

(7 14 6 16) , 13588,00

(5 13 3 0) , 177264,00

(9 14 3 0) , 191514,00

(9 13 3 0) , 188064,00

(9 14 3 0) , 191514,00

(9 14 3 0) , 191514,00

(9 14 3 0) , 191514,00

(2 14 3 0) , 172614,00

(9 14 1 0) , 184314,00

(17 7 12 0) , 15651,00

(9 14 2 0) , 187914,00

(9 11 0 1) , 173364,00

(3 18 11 9) , 14434,00

(9 14 3 0) , 191514,00

(9 14 3 0) , 191514,00

(3 0 3 4) , 23169,00

(9 14 3 0) , 191514,00

(9 14 3 0) , 191514,00

(9 11 4 0) , 184764,00

(9 3 1 4) , 158364,00

(1 14 3 0) , 169914,00

(6 9 5 1) , 176364,00

(9 14 3 0) , 191514,00

(9 14 3 0) , 191514,00

(9 14 3 0) , 191514,00

(9 14 3 0) , 191514,00

(0 9 3 7) , 170964,00

(9 14 3 0) , 191514,00

(6 9 5 1) , 176364,00

(9 14 3 0) , 191514,00

(9 14 3 0) , 191514,00

(3 12 3 0) , 168414,00

(9 12 0 0) , 173814,00

(1 14 3 0) , 169914,00

(9 14 14 0) , 15808,00

(9 13 3 0) , 188064,00

(9 13 3 0) , 188064,00

(9 14 3 0) , 191514,00

(9 14 1 0) , 184314,00

(9 14 1 0) , 184314,00

(9 14 3 0) , 191514,00

(9 10 3 1) , 180714,00

(9 14 3 0) , 191514,00

(9 14 3 0) , 191514,00

(9 14 3 0) , 191514,00

(9 14 3 0) , 191514,00

(9 14 3 0) , 191514,00

(9 14 3 0) , 191514,00

(1 14 2 0) , 166314,00

(9 5 3 0) , 160464,00

(9 3 7 0) , 167964,00

(9 4 3 17) , 14949,00

(9 14 3 0) , 191514,00

(9 14 3 0) , 191514,00

(9 14 3 0) , 191514,00

(9 11 3 0) , 181164,00

(9 14 3 0) , 191514,00

(6 19 3 6) , 16496,00

(9 14 3 0) , 191514,00

(9 12 3 0) , 184614,00

(4 14 3 0) , 178014,00

(9 14 3 0) , 191514,00

(6 14 3 0) , 183414,00

(9 14 3 0) , 191514,00

(9 14 3 0) , 191514,00

(9 14 3 0) , 191514,00

(9 11 4 0) , 184764,00

(9 12 3 0) , 184614,00

(9 14 3 0) , 191514,00

(2 14 8 0) , 17465,00

(9 14 3 0) , 191514,00

(9 14 3 0) , 191514,00

(9 20 3 4) , 16238,00

(14 18 3 0) , 16705,00

(9 3 3 0) , 153564,00

(9 14 3 0) , 191514,00

(0 9 3 5) , 164964,00

(9 14 3 0) , 191514,00

(2 14 11 14) , 13908,00

(9 14 3 2) , 17784,00

(9 11 3 0) , 181164,00

(4 14 0 0) , 167214,00

(9 14 3 0) , 191514,00

(9 11 3 0) , 181164,00

(6 14 3 0) , 183414,00

(11 2 0 2) , 150714,00

(9 14 3 0) , 191514,00

(9 7 3 0) , 167364,00

(5 14 3 0) , 180714,00

(9 13 3 0) , 188064,00

(9 14 3 0) , 191514,00

(8 14 3 0) , 188814,00

(9 14 3 0) , 191514,00

(9 10 3 7) , 17065,00

(9 14 3 0) , 191514,00

(15 8 3 0) , 17338,00

(1 14 3 0) , 169914,00

(9 14 3 0) , 191514,00

(9 10 3 1) , 180714,00

(9 14 3 0) , 191514,00

(9 9 11 0) , 17134,00

(9 11 4 0) , 184764,00

(2 13 3 0) , 169164,00

(9 14 3 0) , 191514,00

(6 11 3 0) , 173064,00

(0 18 5 2) , 17095,00

(9 14 3 0) , 191514,00

(9 14 3 0) , 191514,00

(9 14 4 0) , 17960,00

(9 14 3 0) , 191514,00

(0 14 3 0) , 167214,00

(8 20 2 3) , 16826,00

(9 14 3 0) , 191514,00

(1 14 3 0) , 169914,00

(9 14 3 0) , 191514,00

(6 0 3 4) , 147114,00

(6 14 3 0) , 183414,00

(9 14 3 0) , 191514,00

(9 14 3 0) , 191514,00

(9 14 3 0) , 191514,00

(14 20 3 2) , 15749,00

(9 14 3 0) , 191514,00

(9 7 3 0) , 167364,00

(9 14 3 0) , 191514,00

(9 14 3 0) , 191514,00

(9 14 3 0) , 191514,00

(2 14 3 0) , 172614,00

(9 14 3 0) , 191514,00

(9 11 9 9) , 15186,00

(9 14 3 0) , 191514,00

(9 14 5 14) , 14071,00

(8 14 3 0) , 188814,00

(9 14 3 0) , 191514,00

(10 1 3 0) , 149364,00

(9 14 3 0) , 191514,00

(7 14 4 15) , 14486,00

(9 3 1 4) , 158364,00

(2 13 3 0) , 169164,00

(9 14 1 0) , 184314,00

(9 14 3 0) , 191514,00

(9 14 3 0) , 191514,00

(9 14 3 0) , 191514,00

(9 14 3 0) , 191514,00

(9 14 3 0) , 191514,00

(5 14 3 0) , 180714,00

(10 13 1 0) , 183564,00

(9 14 3 0) , 191514,00

(9 14 3 0) , 191514,00

(2 11 3 13) , 16724,00

(9 14 3 0) , 191514,00

(9 14 3 0) , 191514,00

(9 14 3 0) , 191514,00

(8 0 8 7) , 17143,00

(9 14 3 0) , 191514,00

(9 14 3 0) , 191514,00

(9 14 3 0) , 191514,00

(9 14 3 0) , 191514,00

(9 14 1 0) , 184314,00

(9 14 9 0) , 16972,00

(9 20 3 7) , 15419,00

(9 1 3 5) , 17787,00

(9 15 0 7) , 16823,00

(9 14 3 0) , 191514,00

(9 14 3 0) , 191514,00

(9 14 3 0) , 191514,00

(9 14 3 0) , 191514,00

(1 14 3 4) , 17831,00

(9 14 3 0) , 191514,00

(9 14 5 7) , 16165,00

(16 14 3 0) , 16915,00

(9 14 3 0) , 191514,00

(9 14 1 13) , 15265,00

(5 18 5 8) , 15898,00

(9 14 15 5) , 14173,00

(9 14 3 7) , 16587,00

(1 14 6 0) , 17757,00

(7 2 4 9) , 17300,00

(9 14 3 0) , 191514,00

(9 5 3 3) , 17987,00

(9 14 3 0) , 191514,00

(9 14 6 3) , 17015,00

(14 3 11 1) , 16689,00

(9 14 3 0) , 191514,00

(9 1 3 5) , 17787,00

(16 14 3 7) , 15138,00

(9 6 5 14) , 15371,00

(10 18 3 4) , 16441,00

(9 11 5 14) , 14645,00

(3 5 6 11) , 17241,00

(3 3 3 0) , 22894,00

(7 13 5 7) , 16784,00

(9 14 6 16) , 13130,00

(10 13 3 10) , 15717,00

(11 14 3 5) , 16719,00

(9 14 13 0) , 16050,00

(9 14 3 7) , 16587,00

(9 14 3 0) , 191514,00

(9 14 3 0) , 191514,00

(15 18 3 12) , 13103,00

(4 12 3 0) , 171114,00

(9 14 3 2) , 17784,00

(7 11 3 0) , 175764,00

(8 18 15 12) , 11286,00

(3 12 4 6) , 17710,00

(9 10 3 17) , 14219,00

(9 8 3 0) , 170814,00

(16 14 2 0) , 17011,00

(1 6 2 13) , 17450,00

(9 7 3 0) , 167364,00

(9 14 5 0) , 17804,00

(15 18 5 0) , 16014,00

(0 10 3 9) , 17717,00

(9 18 3 0) , 17480,00

(7 5 4 6) , 17705,00

(5 14 6 10) , 15932,00

(3 1 12 0) , 17962,00

(9 14 5 0) , 17804,00

(9 14 3 0) , 191514,00

(9 14 3 0) , 191514,00

(9 12 6 0) , 17808,00

(9 14 7 0) , 17388,00

(9 14 3 0) , 191514,00

(9 19 4 0) , 17077,00

(16 18 3 6) , 14653,00

(9 13 3 10) , 15924,00

(9 18 3 16) , 13165,00

(9 1 11 5) , 17019,00

(10 14 3 0) , 17979,00

(9 14 3 0) , 191514,00

(9 14 3 0) , 191514,00

(9 1 3 0) , 24444,00

(10 14 3 0) , 17979,00

(9 3 1 1) , 149364,00

(0 14 15 0) , 16219,00

(9 14 3 2) , 17784,00

(7 6 1 0) , 25219,00

(9 18 3 0) , 17480,00

(9 14 14 5) , 14458,00

(13 13 3 0) , 17572,00

(9 0 3 0) , 23869,00

(9 14 3 0) , 191514,00

(9 14 3 0) , 191514,00

(14 14 15 0) , 14601,00

(2 7 8 14) , 16093,00

(9 14 0 5) , 17427,00

(6 4 3 0) , 24819,00

(3 0 3 4) , 23169,00

(4 7 3 0) , 25644,00

(6 7 9 13) , 15381,00

(9 11 3 0) , 181164,00

(10 13 3 10) , 15717,00

(1 14 6 11) , 16228,00

(10 14 3 13) , 14678,00

(9 13 13 16) , 11340,00

(8 13 3 3) , 17808,00

(9 3 1 0) , 24394,00

(8 14 1 3) , 17841,00

(2 9 3 12) , 17162,00

(9 12 10 0) , 17004,00

(0 14 3 0) , 167214,00

(2 14 3 0) , 172614,00

(9 13 3 0) , 188064,00

(1 0 3 7) , 23769,00

(9 12 5 6) , 16848,00

(9 14 5 0) , 17804,00

(9 14 3 0) , 191514,00

(15 14 3 0) , 17122,00

(9 11 4 0) , 184764,00

(9 14 3 10) , 15768,00

(10 13 3 0) , 18010,00

(9 15 11 0) , 16364,00

(2 14 2 8) , 17423,00

(12 14 3 16) , 13236,00

(9 11 1 0) , 173964,00

(9 14 3 0) , 191514,00

(9 19 3 0) , 17285,00

(0 14 3 0) , 167214,00

(9 14 15 16) , 10565,00

(9 11 3 14) , 15047,00

(9 7 3 0) , 167364,00

(9 1 15 0) , 17106,00

(3 5 3 0) , 24044,00

(9 4 2 0) , 153414,00

(9 14 3 0) , 191514,00

(5 14 3 0) , 180714,00

(15 11 3 10) , 14961,00

(13 14 3 0) , 17536,00

(9 14 3 0) , 191514,00

(9 14 3 0) , 191514,00

(7 14 3 0) , 186114,00

(3 14 1 0) , 168114,00

(12 14 3 0) , 17709,00

(3 12 3 0) , 168414,00

(7 5 3 15) , 15909,00

(9 14 12 0) , 16292,00

(9 14 3 0) , 191514,00

(9 13 3 0) , 188064,00

(10 14 1 0) , 18009,00

(9 14 3 0) , 191514,00

(9 14 8 0) , 17180,00

(9 14 3 0) , 191514,00

(17 3 3 0) , 17104,00

(10 12 3 9) , 16146,00

(12 7 3 9) , 16222,00

(5 14 3 0) , 180714,00

(17 1 3 3) , 16585,00

(10 3 3 1) , 159264,00

(9 14 3 0) , 191514,00

(9 13 3 16) , 14079,00

(7 11 13 2) , 16304,00

(9 14 3 0) , 191514,00

(9 14 3 0) , 191514,00

(7 14 1 2) , 17935,00

(16 14 3 10) , 14288,00

(10 5 3 0) , 163164,00

(9 14 3 0) , 191514,00

(9 14 11 14) , 12361,00

(7 14 3 0) , 186114,00

(15 14 3 0) , 17122,00

(9 14 14 0) , 15808,00

(9 14 3 0) , 191514,00

(9 14 3 2) , 17784,00

(12 14 3 5) , 16512,00

(11 5 3 12) , 15879,00

(9 14 3 0) , 191514,00

(9 14 3 0) , 191514,00

(9 6 7 13) , 15351,00

(12 14 2 0) , 17771,00

(6 18 4 17) , 13239,00

(9 14 15 6) , 13845,00

(1 14 8 0) , 17465,00

(9 3 14 0) , 17128,00

(11 5 3 12) , 15879,00

(9 6 10 5) , 16821,00

(16 14 1 10) , 14635,00

(9 5 3 0) , 160464,00

(9 14 3 0) , 191514,00

(1 14 3 0) , 169914,00

(9 14 3 14) , 14579,00

(7 11 11 0) , 17026,00

(0 8 6 0) , 157314,00

(15 14 3 0) , 17122,00

(9 14 3 0) , 191514,00

(9 8 5 5) , 17403,00

(9 14 15 17) , 10237,00

(6 14 3 0) , 183414,00

(9 14 14 0) , 15808,00

(9 14 3 0) , 191514,00

(4 13 3 9) , 17116,00

(9 14 13 0) , 16050,00

(0 9 3 5) , 164964,00

(9 14 5 0) , 17804,00

(15 15 8 0) , 15903,00

(9 7 5 1) , 17985,00

(16 15 3 2) , 16331,00

(9 14 1 0) , 184314,00

(10 7 3 0) , 170064,00

(9 14 3 0) , 191514,00

(9 18 5 17) , 12267,00

(5 7 13 1) , 17094,00

(3 11 11 0) , 17246,00

(12 7 3 1) , 17798,00

(9 14 3 0) , 191514,00

(5 18 5 8) , 15898,00

(9 1 3 5) , 17787,00

(11 14 3 0) , 17844,00

(9 10 3 7) , 17065,00

(9 14 3 7) , 16587,00

(9 14 3 2) , 17784,00

(15 20 6 0) , 15362,00

(15 20 6 0) , 15362,00

(9 3 6 2) , 17925,00

(13 14 3 10) , 14940,00

(16 6 1 3) , 16804,00

(9 11 9 9) , 15186,00

(9 14 3 0) , 191514,00

(0 17 3 2) , 17556,00

(9 18 5 10) , 14526,00

(9 14 3 0) , 191514,00

(9 14 3 0) , 191514,00

(12 14 3 0) , 17709,00

(11 17 3 13) , 13896,00

(9 9 3 0) , 174264,00

(9 14 3 0) , 191514,00

(9 14 11 0) , 16534,00

(9 9 3 12) , 15926,00

(1 0 11 0) , 150414,00

(9 18 3 11) , 14737,00

(12 6 4 8) , 16359,00

(9 16 3 9) , 15693,00

(9 11 5 7) , 16739,00

(15 13 0 5) , 16291,00

(16 14 3 0) , 16915,00

(9 14 3 0) , 191514,00

(9 14 3 0) , 191514,00

(12 3 3 0) , 18014,00

(5 4 3 17) , 15865,00

(17 11 9 17) , 10730,00

(6 1 3 2) , 24094,00

(11 2 0 0) , 144714,00

(0 11 3 15) , 16514,00

(9 14 8 0) , 17180,00

(13 2 7 14) , 14469,00

(9 14 3 0) , 191514,00

(8 8 4 17) , 14559,00

(14 14 3 0) , 17329,00

(9 14 3 12) , 15222,00

(0 9 5 0) , 26194,00

(9 14 3 0) , 191514,00

(9 14 3 9) , 16041,00

(3 14 3 0) , 175314,00

(9 16 1 17) , 13685,00

(9 11 3 0) , 181164,00

(9 14 3 0) , 191514,00

(5 7 0 1) , 24794,00

(9 9 11 0) , 17134,00

(9 14 14 0) , 15808,00

(9 14 3 0) , 191514,00

(16 14 3 12) , 13632,00

(16 13 2 0) , 17047,00

(9 14 3 0) , 191514,00

(9 15 0 0) , 17969,00

(16 15 1 7) , 15278,00

(9 14 3 10) , 15768,00

(9 13 3 0) , 188064,00

(7 2 4 9) , 17300,00

(3 13 3 7) , 17543,00

(2 14 3 10) , 16983,00

(16 11 3 0) , 17023,00

(9 7 3 0) , 167364,00

(9 17 3 17) , 13042,00

(9 14 1 0) , 184314,00

(14 7 12 8) , 14240,00

(9 11 3 0) , 181164,00

(15 14 3 0) , 17122,00

(15 1 2 1) , 17489,00

(1 12 3 4) , 17971,00

(10 14 3 0) , 17979,00

(9 11 1 7) , 17151,00

(15 12 12 9) , 12752,00

(10 18 2 7) , 15864,00

(9 6 10 13) , 14614,00

(13 14 11 0) , 15776,00

(11 12 3 10) , 15666,00

(14 14 11 0) , 15569,00

(16 15 15 0) , 14002,00

(9 14 3 0) , 191514,00

(9 11 3 0) , 181164,00

(11 12 3 0) , 17916,00

(9 14 3 0) , 191514,00

(9 6 3 0) , 163914,00

(16 13 3 0) , 16951,00

(0 18 5 2) , 17095,00

(4 14 0 0) , 167214,00

(9 6 3 3) , 17966,00

(9 8 3 0) , 170814,00

(9 14 3 10) , 15768,00

(11 12 3 0) , 17916,00

(9 14 3 0) , 191514,00

(9 14 3 0) , 191514,00

(12 7 3 0) , 17954,00

(17 8 9 3) , 15579,00

(9 14 11 0) , 16534,00

(2 14 3 14) , 16069,00

(15 14 3 1) , 16893,00

(17 11 9 17) , 10730,00

(14 14 11 0) , 15569,00

(9 14 15 17) , 10237,00

(0 14 7 4) , 17271,00

(1 14 13 16) , 12913,00

(4 14 0 0) , 167214,00

(9 3 3 11) , 16593,00

(9 14 3 0) , 191514,00

(9 14 3 0) , 191514,00

(0 14 3 0) , 167214,00

(9 14 1 16) , 14325,00

(8 14 3 0) , 188814,00

(9 0 10 7) , 16804,00

(12 17 3 13) , 13667,00

(3 14 1 0) , 168114,00

(0 11 3 0) , 156864,00

(2 13 3 0) , 169164,00

(9 14 3 0) , 191514,00

(9 14 3 0) , 191514,00

(8 3 2 0) , 24544,00

(17 6 3 8) , 15420,00

(9 3 3 0) , 153564,00

(9 14 3 0) , 191514,00

(7 18 0 4) , 17460,00

(2 11 3 13) , 16724,00

(7 11 3 13) , 15831,00

(10 2 3 2) , 158814,00

(9 18 3 0) , 17480,00

(9 14 5 17) , 13087,00

(6 14 15 17) , 10924,00

(0 14 3 0) , 167214,00

(2 3 3 0) , 22444,00

(9 13 3 0) , 188064,00

(7 11 11 1) , 16920,00

(17 12 3 2) , 16386,00

(9 14 3 0) , 191514,00

(9 5 3 0) , 160464,00

(3 5 3 0) , 24044,00

(16 14 3 5) , 15684,00

(9 14 3 0) , 191514,00

(9 14 3 0) , 191514,00

(16 15 3 2) , 16331,00

(9 14 3 0) , 191514,00

(9 14 3 0) , 191514,00

(9 12 12 7) , 14782,00

(9 14 3 0) , 191514,00

(17 6 14 8) , 13118,00

(9 14 3 7) , 16587,00

(9 0 8 0) , 161214,00

(9 14 3 14) , 14579,00

(16 7 3 0) , 17167,00

(10 12 3 0) , 187314,00

(9 14 9 0) , 16972,00

(9 14 3 0) , 191514,00

(0 5 3 0) , 22694,00

(10 14 3 0) , 17979,00

(9 3 6 17) , 14638,00

(9 12 5 6) , 16848,00

(9 7 3 0) , 167364,00

(9 14 3 0) , 191514,00

(9 14 8 0) , 17180,00

(3 5 3 0) , 24044,00

(9 14 3 0) , 191514,00

(3 5 3 0) , 24044,00

(9 14 3 0) , 191514,00

(9 14 5 13) , 14399,00

(6 7 9 0) , 17885,00

(16 14 15 15) , 9290,00

(9 19 3 0) , 17285,00

(2 12 11 0) , 17181,00

(17 14 3 1) , 16479,00

(0 11 3 0) , 156864,00

(9 19 3 0) , 17285,00

(10 14 3 0) , 17979,00

(13 14 14 0) , 15050,00

(9 18 5 6) , 15618,00

(9 14 0 0) , 180714,00

(9 14 5 0) , 17804,00

(0 9 3 1) , 25494,00

(9 14 3 0) , 191514,00

(9 16 3 0) , 17846,00

(9 14 3 0) , 191514,00

(9 14 2 0) , 187914,00

(2 11 3 0) , 162264,00

(2 14 1 3) , 17883,00

(2 14 3 0) , 172614,00

(12 7 9 0) , 17320,00

(4 14 3 0) , 178014,00

(9 17 12 7) , 13757,00

(9 14 1 12) , 15538,00

(15 14 8 0) , 16088,00

(15 14 3 1) , 16893,00

(9 14 3 0) , 191514,00

(0 18 5 2) , 17095,00

(3 13 3 6) , 17681,00

(9 14 11 0) , 16534,00

(15 14 3 10) , 14517,00

(9 14 3 0) , 191514,00

(10 14 3 0) , 17979,00

(6 3 3 0) , 24244,00

(8 14 1 3) , 17841,00

(10 14 3 0) , 17979,00

(15 12 3 9) , 15111,00

(4 14 3 3) , 17883,00

(12 7 3 0) , 17954,00

(10 4 15 12) , 13602,00

(0 14 5 16) , 15342,00

(14 10 3 7) , 16030,00

(9 7 15 14) , 12656,00

(9 14 3 0) , 191514,00

(15 20 3 0) , 16088,00

(17 12 11 1) , 14997,00

(9 14 12 0) , 16292,00

(14 7 15 14) , 11511,00

(9 14 3 0) , 191514,00

(14 13 3 11) , 14574,00

(15 3 3 0) , 17518,00

(9 6 3 0) , 163914,00

(9 14 2 9) , 16199,00

(3 16 0 0) , 17899,00

(9 14 3 7) , 16587,00

(9 7 3 17) , 14631,00

(9 6 10 5) , 16821,00

(9 0 5 17) , 14979,00

(0 18 3 0) , 17539,00

(9 13 3 0) , 188064,00

(9 14 3 3) , 17609,00

(1 2 3 2) , 22419,00

(5 7 2 9) , 17641,00

(9 14 3 0) , 191514,00

(9 14 11 0) , 16534,00

(17 1 3 3) , 16585,00

(9 14 3 0) , 191514,00

(9 14 4 12) , 15012,00

(4 12 3 0) , 171114,00

(9 14 3 1) , 17930,00

(9 14 11 0) , 16534,00

(8 14 0 16) , 14755,00

(9 14 3 0) , 191514,00

(9 14 14 0) , 15808,00

(9 3 2 0) , 24994,00

(9 14 3 0) , 191514,00

(9 14 1 7) , 16833,00

(10 14 3 0) , 17979,00

(0 7 3 0) , 23844,00

(9 19 3 0) , 17285,00

(9 14 3 0) , 191514,00

(9 14 3 3) , 17609,00

(8 13 13 4) , 15459,00

(9 14 3 0) , 191514,00

(14 14 3 6) , 15825,00

(6 19 4 17) , 13034,00

(9 14 3 0) , 191514,00

(2 14 3 0) , 172614,00

(4 14 3 4) , 17803,00

(14 18 12 0) , 14527,00

(11 14 3 9) , 15627,00

(5 14 6 10) , 15932,00

(9 14 3 0) , 191514,00

(9 18 4 17) , 12552,00

(12 6 5 8) , 16263,00

(9 14 3 0) , 191514,00

(9 14 3 3) , 17609,00

(16 13 6 0) , 16500,00

(7 14 8 6) , 16126,00

(7 14 3 0) , 186114,00

(15 14 3 16) , 12549,00

(11 14 3 5) , 16719,00

(9 10 3 1) , 180714,00

(9 3 1 16) , 15637,00

(10 12 3 1) , 17928,00

(7 14 3 16) , 14381,00

(10 14 3 0) , 17979,00

(9 14 3 15) , 14251,00

(9 4 3 0) , 157014,00

(10 5 12 0) , 17239,00

(9 14 3 1) , 17930,00

(0 11 3 0) , 156864,00

(9 14 3 12) , 15222,00

(1 14 3 4) , 17831,00

(7 10 3 11) , 16483,00

(2 14 8 0) , 17465,00

(9 14 3 0) , 191514,00

(9 19 3 9) , 15078,00

(12 13 8 17) , 11750,00

(9 14 0 0) , 180714,00

(9 14 3 0) , 191514,00

(9 15 8 9) , 14651,00

(9 14 3 0) , 191514,00

(9 7 3 14) , 15543,00

(9 14 3 14) , 14579,00

(9 4 3 15) , 15557,00

(9 14 3 17) , 13595,00

(9 13 3 17) , 13751,00

(9 6 1 0) , 156714,00

(9 14 3 0) , 191514,00

(9 14 3 0) , 191514,00

(9 14 8 0) , 17180,00

(9 3 3 0) , 153564,00

(9 3 6 0) , 164364,00

(9 14 3 0) , 191514,00

(9 15 3 1) , 17839,00

(9 14 3 0) , 191514,00

(8 1 3 3) , 152964,00

(17 3 8 6) , 15394,00

(15 8 6 12) , 14194,00

(11 14 4 0) , 17760,00

(0 14 7 0) , 17611,00

(9 11 3 0) , 181164,00

(13 14 3 10) , 14940,00

(9 16 12 9) , 13306,00

(9 14 2 16) , 14124,00

(0 6 7 9) , 17721,00

(0 14 3 0) , 167214,00

(9 14 3 0) , 191514,00

(9 14 3 0) , 191514,00

(9 14 1 12) , 15538,00

(9 14 3 0) , 191514,00

(1 14 3 6) , 17670,00

(9 10 3 16) , 14547,00

(9 14 3 0) , 191514,00

(6 14 3 0) , 183414,00

(9 19 3 6) , 15897,00

(9 14 3 17) , 13595,00

(9 14 7 0) , 17388,00

(9 14 15 5) , 14173,00

(9 14 3 0) , 191514,00

(10 16 3 11) , 14940,00

(14 14 15 0) , 14601,00

(17 12 12 17) , 9670,00

(5 10 11 0) , 17256,00

(9 14 3 7) , 16587,00

(9 6 15 7) , 14941,00

(9 7 0 1) , 159564,00

(5 14 3 0) , 180714,00

(9 16 3 0) , 17846,00

(9 8 3 9) , 16779,00

(1 14 3 4) , 17831,00

(9 14 0 16) , 14526,00

(9 14 3 0) , 191514,00

(9 8 3 0) , 170814,00

(9 14 12 1) , 16080,00

(8 14 6 9) , 15584,00

(7 19 3 6) , 16311,00

(9 11 5 0) , 17983,00

(9 14 3 0) , 191514,00

(9 14 3 0) , 191514,00

(10 13 1 16) , 14252,00

(9 13 3 6) , 16996,00

(6 11 0 7) , 17750,00

(9 15 10 0) , 16594,00

(9 14 7 1) , 17250,00

(9 14 7 17) , 12517,00

(9 13 4 9) , 16039,00

(3 12 3 6) , 17772,00

(7 14 11 9) , 14459,00

(10 14 3 14) , 14350,00

(9 14 3 0) , 191514,00

(15 14 10 0) , 15604,00

(12 19 1 0) , 17296,00

(9 14 8 9) , 14856,00

(9 14 14 0) , 15808,00

(15 14 3 0) , 17122,00

(10 3 3 1) , 159264,00

(9 14 3 0) , 191514,00

(15 14 3 0) , 17122,00

(9 18 3 0) , 17480,00

(6 14 3 0) , 183414,00

(9 14 11 4) , 15532,00

(9 11 3 0) , 181164,00

(17 6 7 2) , 16218,00

(15 14 3 8) , 15072,00

(9 12 0 0) , 173814,00

(7 11 3 2) , 181764,00

(5 14 3 0) , 180714,00

(9 4 3 17) , 14949,00

(3 5 3 0) , 24044,00

(7 14 3 0) , 186114,00

(2 10 7 7) , 17447,00

(9 18 3 10) , 15010,00

(9 4 3 17) , 14949,00

(9 7 3 0) , 167364,00

(0 14 3 0) , 167214,00

(9 5 4 0) , 164064,00

(9 14 3 0) , 191514,00

(10 16 13 0) , 15523,00

(10 13 15 0) , 15559,00

(9 14 3 0) , 191514,00

(9 14 3 5) , 17133,00

(5 14 3 3) , 17882,00

(9 2 0 0) , 23219,00

(9 14 3 0) , 191514,00

(9 14 3 0) , 191514,00

(16 14 15 8) , 11586,00

(9 14 0 1) , 17987,00

(6 20 4 2) , 16741,00

(8 10 9 17) , 12996,00

(9 2 8 5) , 17286,00

(1 20 5 6) , 16176,00

(13 2 0 0) , 17949,00

(0 14 3 0) , 167214,00

(11 0 3 0) , 148614,00

(0 15 8 12) , 15445,00

(14 14 12 0) , 15327,00

(8 13 12 14) , 12510,00

(9 14 3 11) , 15495,00

(7 18 6 5) , 16063,00

(9 1 6 12) , 16064,00

(14 1 5 2) , 17211,00

(17 2 3 3) , 16549,00

(11 9 3 6) , 16948,00

(13 4 11 2) , 16614,00

(9 14 3 15) , 14251,00

(15 14 0 4) , 16434,00

(1 14 3 0) , 169914,00

(9 2 0 0) , 23219,00

(5 4 4 17) , 15726,00

(9 9 2 0) , 170664,00

(6 14 7 11) , 15172,00

(17 14 3 0) , 16708,00

(6 14 14 3) , 15513,00

(0 12 3 14) , 16605,00

(15 14 13 0) , 14878,00

(14 15 15 10) , 11183,00

(8 0 8 11) , 16303,00

(0 18 8 2) , 16619,00

(12 14 8 1) , 16456,00

(9 4 0 10) , 17042,00

(6 17 15 17) , 10309,00

(11 17 3 0) , 17425,00

(13 10 7 11) , 14389,00

(9 6 0 0) , 153114,00

(6 7 1 17) , 15596,00

(10 3 6 0) , 167064,00

(7 20 3 14) , 13869,00

(13 3 8 16) , 13718,00

(6 2 7 5) , 17763,00

(13 14 3 0) , 17536,00

(7 13 9 3) , 16786,00

(1 15 13 7) , 15272,00

(9 10 6 5) , 17235,00

(17 6 4 13) , 13982,00

(6 2 0 17) , 16265,00

(15 6 1 0) , 17602,00

(11 14 3 12) , 14777,00

(9 14 12 13) , 12404,00

(13 14 0 8) , 15852,00

(16 5 11 6) , 14889,00

(10 6 5 12) , 15750,00

(11 14 4 0) , 17760,00

(9 14 3 0) , 191514,00

(15 10 3 0) , 17266,00

(10 7 15 3) , 15681,00

(1 14 3 0) , 169914,00

(9 14 3 14) , 14579,00

(1 8 11 9) , 16622,00

(9 14 8 15) , 12888,00

(9 12 3 5) , 17351,00

(9 18 3 0) , 17480,00

(10 11 15 0) , 15799,00

(1 4 9 0) , 157014,00

(9 3 3 0) , 153564,00

(8 14 3 4) , 17569,00

(9 14 3 3) , 17609,00

(9 3 0 9) , 17275,00

(7 5 9 2) , 17806,00

(7 13 14 10) , 13481,00

(15 16 9 9) , 12787,00

(11 4 13 9) , 14771,00

(1 2 3 0) , 21419,00

(9 3 13 7) , 15916,00

(4 18 7 3) , 16449,00

(17 13 4 5) , 15475,00

(12 14 9 0) , 16467,00

(10 2 3 17) , 14932,00

(12 9 12 9) , 14054,00

(5 11 14 10) , 14324,00

(2 9 3 7) , 17960,00

(2 14 2 12) , 16691,00

(14 14 10 0) , 15811,00

(9 7 8 0) , 17866,00

(8 14 11 15) , 12262,00

(8 17 5 17) , 12701,00

(10 15 3 0) , 17893,00

(10 19 2 15) , 13344,00

(17 13 10 0) , 15325,00

(10 20 0 1) , 17350,00

(12 14 3 15) , 13564,00

(10 1 0 7) , 17534,00

(12 3 13 0) , 16940,00

(8 14 3 0) , 188814,00

(5 2 4 10) , 17398,00

(5 6 2 0) , 24919,00

(14 12 14 15) , 10443,00

(11 19 3 11) , 14118,00

(9 5 1 12) , 16516,00

(7 3 9 12) , 16033,00

(4 4 8 3) , 17973,00

(7 0 3 7) , 17750,00

(14 3 15 0) , 16086,00

(1 18 10 7) , 15358,00

(9 14 10 10) , 13958,00

(0 14 12 9) , 15356,00

(9 14 11 2) , 16078,00

(9 14 12 6) , 14700,00

(9 10 9 0) , 17452,00

(9 17 3 0) , 17670,00

(2 14 0 8) , 17563,00

(10 14 7 0) , 17323,00

(10 0 8 0) , 17973,00

(16 13 1 8) , 15241,00

(9 5 3 0) , 160464,00

(9 13 8 0) , 17300,00

(11 17 14 10) , 11745,00

(10 1 3 8) , 17049,00

(9 14 14 5) , 14458,00

(9 16 9 6) , 15060,00

(6 1 6 5) , 17880,00

(1 15 5 6) , 17126,00

(9 13 9 2) , 16764,00

(12 14 9 3) , 15668,00

(9 12 3 0) , 184614,00

(5 20 13 17) , 10493,00

(10 14 9 7) , 14990,00

(9 1 7 10) , 16429,00

(9 14 3 9) , 16041,00

(3 12 3 6) , 17772,00

(8 14 11 0) , 16611,00

(14 14 3 11) , 14418,00

(8 1 1 15) , 16232,00

(17 14 3 0) , 16708,00

(2 17 13 0) , 15975,00

(5 7 15 17) , 12588,00

(9 0 10 13) , 15292,00

(17 13 10 0) , 15325,00

(1 14 5 0) , 17903,00

(9 10 3 15) , 14875,00

(0 12 5 12) , 16745,00

(8 15 9 0) , 16857,00

(0 1 3 0) , 20394,00

(7 4 4 11) , 16875,00

(11 11 4 4) , 17174,00

(1 15 1 16) , 15907,00

(9 3 0 12) , 16684,00

(2 0 3 6) , 23719,00

(4 17 9 9) , 15015,00

(14 14 11 5) , 14168,00

(9 15 0 1) , 17917,00

(8 7 10 15) , 13982,00

(9 2 2 14) , 16080,00

(5 16 3 3) , 17606,00

(9 14 11 14) , 12361,00

(1 14 3 0) , 169914,00

(11 10 3 0) , 17988,00

(8 10 1 3) , 176814,00

(0 14 4 0) , 17997,00

(17 12 12 0) , 14976,00

(1 8 0 0) , 23069,00

(7 9 3 17) , 14833,00

(5 10 3 6) , 17844,00

(5 0 3 8) , 17848,00

(7 2 15 15) , 13731,00

(14 11 5 0) , 17245,00

(12 14 11 2) , 15457,00

(2 6 4 5) , 163614,00

(9 0 8 2) , 17796,00

(0 14 3 12) , 16777,00

(10 14 3 0) , 17979,00

(14 11 11 6) , 14455,00

(0 10 3 7) , 17955,00

(9 14 15 6) , 13845,00

(9 13 14 16) , 11055,00

(7 15 3 0) , 17969,00

(13 1 12 16) , 13071,00

(9 14 3 14) , 14579,00

(13 9 6 9) , 15480,00

(2 9 3 10) , 17564,00

(15 10 11 6) , 14431,00

(10 0 3 2) , 151914,00

(13 11 2 15) , 14004,00

(12 10 3 0) , 17853,00

(11 14 3 16) , 13465,00

(0 8 13 8) , 16473,00

(16 15 3 4) , 15801,00

(15 14 3 2) , 16644,00

(10 12 3 7) , 16646,00

(14 8 12 15) , 11833,00

(16 3 5 0) , 17119,00

(14 8 8 4) , 16213,00

(9 13 10 11) , 13835,00

(12 0 8 4) , 16979,00

(2 8 11 11) , 15909,00

(6 7 3 3) , 168264,00

----------------------------- 
