(9 8 7 9) , 668658,31

(9 8 7 9) , 668658,31

(9 8 7 9) , 668658,31

(9 8 7 9) , 668658,31

(9 8 7 9) , 668658,31

(9 8 7 9) , 668658,31

(9 8 7 9) , 668658,31

(9 8 7 9) , 668658,31

(9 8 7 9) , 668658,31

(9 8 7 9) , 668658,31

(9 8 7 9) , 668658,31

(9 8 7 9) , 668658,31

(9 8 7 9) , 668658,31

(9 8 7 9) , 668658,31

(9 8 7 9) , 668658,31

(9 8 7 9) , 668658,31

(9 8 7 9) , 668658,31

(9 8 7 9) , 668658,31

(9 8 7 9) , 668658,31

(9 8 7 9) , 668658,31

(9 8 7 9) , 668658,31

(9 8 7 9) , 668658,31

(9 8 7 9) , 668658,31

(9 8 7 9) , 668658,31

(9 8 7 9) , 668658,31

(9 8 7 9) , 668658,31

(9 8 7 9) , 668658,31

(9 8 7 9) , 668658,31

(9 8 7 9) , 668658,31

(9 8 7 9) , 668658,31

(9 8 7 9) , 668658,31

(9 8 7 9) , 668658,31

(9 8 7 9) , 668658,31

(9 8 7 9) , 668658,31

(9 8 7 9) , 668658,31

(9 8 7 9) , 668658,31

(9 8 7 9) , 668658,31

(9 8 7 9) , 668658,31

(9 8 7 9) , 668658,31

(9 8 7 9) , 668658,31

(9 8 7 9) , 668658,31

(9 8 7 9) , 668658,31

(9 8 7 9) , 668658,31

(9 8 7 9) , 668658,31

(9 8 7 9) , 668658,31

(9 8 7 9) , 668658,31

(9 8 7 9) , 668658,31

(9 8 7 9) , 668658,31

(9 8 7 9) , 668658,31

(9 8 7 9) , 668658,31

(9 8 7 9) , 668658,31

(9 8 7 9) , 668658,31

(9 8 7 9) , 668658,31

(9 8 7 9) , 668658,31

(9 8 7 9) , 668658,31

(9 8 7 9) , 668658,31

(9 8 7 9) , 668658,31

(9 8 7 9) , 668658,31

(9 8 7 9) , 668658,31

(9 8 7 9) , 668658,31

(9 8 7 9) , 668658,31

(9 8 7 9) , 668658,31

(9 8 7 9) , 668658,31

(9 8 7 9) , 668658,31

(9 8 7 9) , 668658,31

(9 8 7 9) , 668658,31

(9 8 7 9) , 668658,31

(9 8 7 9) , 668658,31

(9 8 7 9) , 668658,31

(9 8 7 9) , 668658,31

(9 8 7 9) , 668658,31

(9 8 7 9) , 668658,31

(9 8 7 9) , 668658,31

(9 8 7 9) , 668658,31

(9 8 7 9) , 668658,31

(9 8 7 9) , 668658,31

(9 8 7 9) , 668658,31

(9 8 7 9) , 668658,31

(9 8 7 9) , 668658,31

(9 8 7 9) , 668658,31

(9 8 7 9) , 668658,31

(9 8 7 9) , 668658,31

(9 8 7 9) , 668658,31

(9 8 7 9) , 668658,31

(9 8 7 9) , 668658,31

(9 8 7 9) , 668658,31

(9 8 7 9) , 668658,31

(9 8 7 9) , 668658,31

(9 8 7 9) , 668658,31

(9 8 7 9) , 668658,31

(9 8 7 9) , 668658,31

(9 8 7 9) , 668658,31

(9 8 7 9) , 668658,31

(9 8 7 9) , 668658,31

(9 8 7 9) , 668658,31

(9 8 7 9) , 668658,31

(9 8 7 9) , 668658,31

(9 8 7 9) , 668658,31

(9 8 7 9) , 668658,31

(9 8 7 9) , 668658,31

(9 8 7 9) , 668658,31

(9 8 7 9) , 668658,31

(9 8 7 9) , 668658,31

(9 8 7 9) , 668658,31

(9 8 7 9) , 668658,31

(9 8 7 9) , 668658,31

(9 8 7 9) , 668658,31

(9 8 7 9) , 668658,31

(9 8 7 9) , 668658,31

(9 8 7 9) , 668658,31

(9 8 7 9) , 668658,31

(9 8 7 9) , 668658,31

(9 8 7 9) , 668658,31

(9 8 7 9) , 668658,31

(9 8 7 9) , 668658,31

(9 8 7 9) , 668658,31

(9 8 7 9) , 668658,31

(9 8 7 9) , 668658,31

(9 8 7 9) , 668658,31

(9 8 7 9) , 668658,31

(9 8 7 9) , 668658,31

(9 8 7 9) , 668658,31

(9 8 7 9) , 668658,31

(9 8 7 9) , 668658,31

(9 8 7 9) , 668658,31

(9 8 7 9) , 668658,31

(9 8 7 9) , 668658,31

(9 8 7 9) , 668658,31

(9 8 7 9) , 668658,31

(9 8 7 9) , 668658,31

(9 8 7 9) , 668658,31

(9 8 7 9) , 668658,31

(9 8 7 9) , 668658,31

(9 8 7 9) , 668658,31

(9 8 7 9) , 668658,31

(9 8 7 9) , 668658,31

(9 8 7 9) , 668658,31

(9 8 7 9) , 668658,31

(9 8 7 9) , 668658,31

(9 8 7 9) , 668658,31

(9 8 7 9) , 668658,31

(9 8 7 9) , 668658,31

(9 8 7 9) , 668658,31

(9 8 7 9) , 668658,31

(9 8 7 9) , 668658,31

(8 8 7 9) , 652158,69

(8 8 7 9) , 652158,69

(8 8 7 9) , 652158,69

(8 8 7 9) , 652158,69

(9 8 7 8) , 650330,75

(9 8 7 8) , 650330,75

(9 8 7 8) , 650330,75

(9 8 7 8) , 650330,75

(9 8 7 8) , 650330,75

(8 7 7 10) , 649417,19

(9 6 8 9) , 648503,94

(9 7 7 9) , 647590,94

(9 7 7 9) , 647590,94

(9 7 7 9) , 647590,94

(9 7 7 9) , 647590,94

(9 7 7 9) , 647590,94

(9 7 7 9) , 647590,94

(9 7 7 9) , 647590,94

(9 7 7 9) , 647590,94

(9 8 6 9) , 646678,19

(9 8 6 9) , 646678,19

(9 8 6 9) , 646678,19

(9 8 6 9) , 646678,19

(9 8 6 9) , 646678,19

(9 8 6 9) , 646678,19

(9 8 6 9) , 646678,19

(9 8 6 9) , 646678,19

(7 8 7 9) , 635746,63

(7 8 7 9) , 635746,63

(7 8 7 9) , 635746,63

(7 8 7 9) , 635746,63

(7 8 7 9) , 635746,63

(7 8 7 9) , 635746,63

(7 8 7 9) , 635746,63

(7 8 7 9) , 635746,63

(9 8 7 7) , 632111,63

(9 8 7 7) , 632111,63

(9 8 7 7) , 632111,63

(8 7 7 9) , 631203,63

(9 6 8 8) , 630295,81

(9 3 10 9) , 629388,31

(11 8 7 5) , 628481,06

(9 6 7 9) , 626667,44

(12 8 7 4) , 626667,44

(9 6 7 9) , 626667,44

(9 6 7 9) , 626667,44

(9 6 7 9) , 626667,44

(9 6 7 9) , 626667,44

(9 6 7 9) , 626667,44

(9 7 6 9) , 625761,06

(9 8 5 9) , 624854,94

(9 8 5 9) , 624854,94

(9 8 5 9) , 624854,94

(9 8 5 9) , 624854,94

(9 8 5 9) , 624854,94

(9 8 5 9) , 624854,94

(9 8 5 9) , 624854,94

(9 8 5 9) , 624854,94

(9 8 5 9) , 624854,94

(9 8 5 9) , 624854,94

(9 8 5 9) , 624854,94

(9 8 5 9) , 624854,94

(9 4 7 11) , 621233,31

(6 8 7 9) , 619424,19

(6 8 7 9) , 619424,19

(6 8 7 9) , 619424,19

(6 8 7 9) , 619424,19

(6 8 7 9) , 619424,19

(9 8 7 6) , 614003,63

(9 8 7 6) , 614003,63

(9 8 7 6) , 614003,63

(9 8 7 6) , 614003,63

(9 7 7 7) , 611297,19

(9 7 7 7) , 611297,19

(7 5 7 11) , 609494,31

(9 5 7 9) , 605892,00

(9 5 7 9) , 605892,00

(9 5 7 9) , 605892,00

(9 5 7 9) , 605892,00

(9 5 7 9) , 605892,00

(9 5 7 9) , 605892,00

(9 5 7 9) , 605892,00

(9 7 5 9) , 604092,56

(9 7 5 9) , 604092,56

(9 7 5 9) , 604092,56

(9 7 5 9) , 604092,56

(9 8 4 9) , 603193,31

(5 8 7 9) , 603193,31

(9 8 4 9) , 603193,31

(9 8 4 9) , 603193,31

(9 8 4 9) , 603193,31

(9 8 4 9) , 603193,31

(9 8 4 9) , 603193,31

(5 8 7 9) , 603193,31

(9 8 4 9) , 603193,31

(5 8 7 9) , 603193,31

(10 6 5 9) , 599599,06

(9 4 5 12) , 596009,50

(9 4 5 12) , 596009,50

(9 4 5 12) , 596009,50

(9 8 7 5) , 596009,50

(9 8 7 5) , 596009,50

(8 5 7 9) , 589739,00

(9 0 11 9) , 588844,44

(9 8 5 7) , 588844,44

(4 8 7 9) , 587056,06

(4 8 7 9) , 587056,06

(4 8 7 9) , 587056,06

(4 8 7 9) , 587056,06

(9 4 7 9) , 585268,94

(9 4 7 9) , 585268,94

(9 4 7 9) , 585268,94

(5 8 7 8) , 585268,94

(9 4 7 9) , 585268,94

(9 4 7 9) , 585268,94

(9 4 7 9) , 585268,94

(9 5 6 9) , 584375,81

(9 6 5 9) , 583483,00

(9 6 5 9) , 583483,00

(6 8 7 7) , 583483,00

(9 8 3 9) , 581698,19

(9 8 3 9) , 581698,19

(9 8 3 9) , 581698,19

(9 8 3 9) , 581698,19

(9 8 3 9) , 581698,19

(9 8 3 9) , 581698,19

(9 8 3 9) , 581698,19

(9 8 3 9) , 581698,19

(9 8 3 9) , 581698,19

(9 8 3 9) , 581698,19

(9 11 5 3) , 579023,31

(4 5 7 12) , 579023,31

(10 8 7 3) , 576351,06

(9 8 6 5) , 574571,13

(9 8 5 6) , 571014,81

(3 8 7 9) , 571014,81

(3 8 7 9) , 571014,81

(3 8 7 9) , 571014,81

(3 8 7 9) , 571014,81

(3 8 7 9) , 571014,81

(9 5 7 7) , 570126,44

(5 8 7 7) , 567463,31

(9 1 9 9) , 566576,19

(9 1 9 9) , 566576,19

(8 8 3 9) , 565689,38

(9 3 7 9) , 564802,88

(9 3 7 9) , 564802,88

(9 3 7 9) , 564802,88

(9 3 7 9) , 564802,88

(9 3 7 9) , 564802,88

(9 3 7 9) , 564802,88

(9 3 7 9) , 564802,88

(9 3 7 9) , 564802,88

(9 4 6 9) , 563916,69

(9 8 3 8) , 563916,69

(7 8 7 5) , 563916,69

(9 5 5 9) , 563030,81

(9 5 5 9) , 563030,81

(9 5 5 9) , 563030,81

(9 6 4 9) , 562145,25

(9 2 7 10) , 562145,25

(9 8 2 9) , 560375,00

(9 8 2 9) , 560375,00

(9 8 2 9) , 560375,00

(9 8 7 3) , 560375,00

(9 8 2 9) , 560375,00

(9 8 2 9) , 560375,00

(5 8 5 9) , 560375,00

(9 8 2 9) , 560375,00

(9 8 2 9) , 560375,00

(11 8 7 1) , 556838,25

(9 13 2 3) , 555954,81

(6 8 4 9) , 555071,69

(9 6 7 5) , 555071,69

(2 8 7 9) , 555071,69

(2 8 7 9) , 555071,69

(2 8 7 9) , 555071,69

(2 8 7 9) , 555071,69

(2 8 7 9) , 555071,69

(9 5 7 6) , 552424,25

(9 2 9 7) , 551542,44

(3 7 7 9) , 550660,88

(3 7 7 9) , 550660,88

(9 4 7 7) , 549779,63

(8 5 5 9) , 547137,81

(4 6 7 9) , 546257,88

(9 0 9 9) , 546257,88

(9 1 8 9) , 545378,19

(3 5 7 11) , 545378,19

(7 1 7 12) , 545378,19

(9 2 7 9) , 544498,81

(9 3 6 9) , 543619,81

(9 3 6 9) , 543619,81

(9 8 7 2) , 542741,13

(9 8 2 8) , 542741,13

(9 8 2 8) , 542741,13

(9 4 5 9) , 542741,13

(9 8 2 8) , 542741,13

(9 10 5 2) , 540984,63

(10 8 7 1) , 540984,63

(9 7 7 3) , 540106,88

(9 8 1 9) , 539229,44

(9 8 6 3) , 539229,44

(9 8 1 9) , 539229,44

(1 8 7 9) , 539229,44

(9 8 1 9) , 539229,44

(1 8 7 9) , 539229,44

(1 8 7 9) , 539229,44

(1 8 7 9) , 539229,44

(1 8 7 9) , 539229,44

(1 8 7 9) , 539229,44

(9 8 1 9) , 539229,44

(9 8 1 9) , 539229,44

(9 8 1 9) , 539229,44

(9 8 1 9) , 539229,44

(9 8 1 9) , 539229,44

(9 8 1 9) , 539229,44

(1 8 7 9) , 539229,44

(1 8 7 9) , 539229,44

(1 8 7 9) , 539229,44

(13 4 6 4) , 539229,44

(9 10 4 3) , 537475,50

(2 8 7 8) , 537475,50

(10 5 3 9) , 536599,06

(2 8 6 9) , 533971,50

(2 8 6 9) , 533971,50

(6 8 3 9) , 533971,50

(7 2 8 9) , 533971,50

(7 3 7 9) , 533096,31

(3 6 7 9) , 530472,69

(3 6 7 9) , 530472,69

(3 8 5 9) , 528725,19

(3 8 5 9) , 528725,19

(3 8 5 9) , 528725,19

(7 8 2 9) , 528725,19

(9 1 8 8) , 527851,88

(4 8 5 8) , 526978,94

(4 5 7 9) , 526106,31

(4 5 7 9) , 526106,31

(4 5 7 9) , 526106,31

(4 6 6 9) , 525234,06

(9 8 7 1) , 525234,06

(9 8 7 1) , 525234,06

(9 8 7 1) , 525234,06

(9 8 7 1) , 525234,06

(9 1 7 9) , 524362,13

(9 1 7 9) , 524362,13

(9 1 7 9) , 524362,13

(9 1 7 9) , 524362,13

(9 1 7 9) , 524362,13

(9 1 7 9) , 524362,13

(9 1 7 9) , 524362,13

(9 1 7 9) , 524362,13

(0 8 7 9) , 523490,47

(0 8 7 9) , 523490,47

(0 8 7 9) , 523490,47

(0 8 7 9) , 523490,47

(9 3 5 9) , 522619,16

(9 4 4 9) , 521748,22

(9 8 6 2) , 521748,22

(1 8 7 8) , 521748,22

(1 8 7 8) , 521748,22

(9 8 1 8) , 521748,22

(8 6 2 10) , 521748,22

(9 5 3 9) , 520877,59

(9 5 3 9) , 520877,59

(9 5 3 9) , 520877,59

(6 0 10 9) , 520007,25

(9 7 1 9) , 519137,28

(9 8 0 9) , 518267,63

(3 8 7 6) , 518267,63

(9 5 2 10) , 517398,34

(9 8 4 4) , 514792,31

(2 8 5 9) , 513056,66

(2 8 5 9) , 513056,66

(2 8 5 9) , 513056,66

(6 8 2 9) , 513056,66

(9 8 3 5) , 511322,31

(9 2 7 7) , 509589,38

(9 2 7 7) , 509589,38

(12 12 1 0) , 509589,38

(7 8 1 9) , 507857,69

(7 8 1 9) , 507857,69

(9 8 7 0) , 507857,69

(7 8 1 9) , 507857,69

(9 1 7 8) , 506992,44

(0 8 7 8) , 506127,41

(0 8 7 8) , 506127,41

(9 7 7 1) , 505262,78

(8 5 3 9) , 505262,78

(4 6 5 9) , 504398,47

(9 0 7 9) , 504398,47

(9 0 7 9) , 504398,47

(9 0 7 9) , 504398,47

(4 6 5 9) , 504398,47

(9 1 6 9) , 503534,56

(0 8 6 9) , 502670,94

(2 1 7 14) , 501807,59

(12 2 6 5) , 500944,69

(10 8 0 7) , 499219,84

(9 7 0 9) , 498357,91

(2 3 9 9) , 496635,06

(6 1 7 10) , 494913,69

(8 8 7 0) , 492334,09

(1 8 7 6) , 487184,31

(3 8 3 9) , 487184,31

(0 8 6 8) , 485470,53

(8 8 0 8) , 485470,53

(9 0 6 9) , 483758,19

(9 8 0 7) , 483758,19

(9 0 6 9) , 483758,19

(9 5 2 8) , 482902,47

(4 8 2 9) , 482047,16

(0 8 5 9) , 482047,16

(0 8 5 9) , 482047,16

(4 5 4 10) , 481192,19

(9 12 1 1) , 480337,56

(9 4 2 9) , 480337,56

(5 8 7 2) , 480337,56

(1 5 7 9) , 479483,31

(1 8 4 9) , 476922,72

(5 8 1 9) , 476922,72

(5 8 1 9) , 476922,72

(5 8 1 9) , 476922,72

(1 8 4 9) , 476922,72

(0 8 7 6) , 471811,13

(9 3 10 0) , 470960,44

(5 5 1 12) , 469260,19

(7 6 1 9) , 468410,63

(9 2 10 1) , 468410,63

(7 6 1 9) , 468410,63

(9 2 4 8) , 465015,91

(12 7 1 3) , 462473,66

(9 3 2 9) , 460780,72

(9 3 2 9) , 460780,72

(10 8 3 1) , 458244,03

(9 1 3 9) , 442256,59

(9 3 1 9) , 440581,69

(9 3 1 9) , 440581,69

(9 6 2 4) , 434731,66

(3 8 7 1) , 433063,69

(2 13 2 2) , 430564,69

(4 8 1 7) , 428069,25

(9 1 2 9) , 422260,47

(1 8 2 8) , 419776,94

(1 4 3 11) , 413172,16

(9 1 2 8) , 405773,09

(3 3 2 11) , 404133,44

(1 8 7 1) , 403314,22

(1 8 7 1) , 403314,22

(9 1 1 9) , 402495,44

(0 8 7 1) , 388641,31

(0 5 3 9) , 384590,31

(9 0 1 9) , 383781,44

(2 8 1 6) , 382165,06

(2 8 1 5) , 366099,78

(2 8 1 5) , 366099,78

(7 4 7 7) , 86377,94

(7 3 6 9) , 85364,89

(6 5 7 6) , 84210,46

(7 2 6 9) , 82055,68

(4 4 6 9) , 80911,76

(9 7 6 1) , 80769,02

(9 4 7 3) , 80056,27

(1 3 7 10) , 76233,20

(9 1 6 6) , 75389,69

(9 7 4 1) , 73988,84

(5 0 7 9) , 73849,10

(2 2 7 9) , 72733,52

(7 8 5 0) , 72733,52

(9 7 3 1) , 70653,02

(9 3 6 2) , 70653,02

(1 1 8 9) , 70376,74

(7 5 3 5) , 70376,74

(8 8 1 3) , 70238,70

(5 4 7 3) , 69962,83

(3 0 7 9) , 68862,02

(9 4 5 1) , 67765,59

(9 1 6 3) , 67082,58

(1 4 4 9) , 66673,61

(9 8 0 2) , 66673,61

(6 0 4 9) , 66401,32

(2 0 7 9) , 66401,32

(9 0 5 5) , 66129,30

(5 8 1 4) , 65586,14

(12 2 4 1) , 65586,14

(9 8 1 0) , 64503,27

(0 5 7 4) , 63559,58

(9 5 1 3) , 63290,62

(3 1 5 8) , 62753,60

(2 8 2 4) , 61549,71

(9 1 4 3) , 60617,63

(4 2 5 5) , 60219,34

(1 4 7 3) , 60219,34

(6 1 1 9) , 59821,75

(2 4 1 9) , 59424,88

(4 4 7 0) , 59424,88

(0 1 7 7) , 59292,74

(0 2 3 10) , 57582,34

(5 2 1 7) , 55237,20

(3 8 0 3) , 54978,33

(0 2 7 4) , 54461,64

(8 0 2 5) , 54203,82

(3 2 7 1) , 53689,23

(4 1 0 9) , 52026,79

(5 4 1 3) , 50884,99

(1 9 1 0) , 48749,45

(1 8 1 1) , 48375,56

(1 4 4 2) , 48375,56

(1 1 1 9) , 48251,13

(1 8 1 0) , 45906,64

(1 0 1 9) , 45417,96

(3 1 1 6) , 45296,06

(3 0 4 3) , 43962,57

(3 5 7 14) , 22854,00

(9 8 7 10) , 22852,00

(8 8 3 10) , 22852,00

(9 8 4 10) , 22852,00

(0 8 6 10) , 22852,00

(8 11 4 6) , 22850,00

(6 0 12 7) , 22849,00

(10 8 0 9) , 22843,00

(10 8 7 9) , 22843,00

(10 8 1 9) , 22843,00

(9 0 1 14) , 22838,00

(9 2 11 9) , 22835,00

(9 4 10 9) , 22821,00

(8 4 10 9) , 22821,00

(3 7 5 12) , 22818,00

(9 11 6 2) , 22814,00

(1 2 7 18) , 22809,00

(9 6 9 5) , 22807,00

(5 6 9 4) , 22807,00

(1 9 7 9) , 22805,00

(10 9 2 9) , 22805,00

(5 2 1 19) , 22804,00

(0 8 1 11) , 22800,00

(7 11 4 7) , 22798,00

(11 6 7 9) , 22793,00

(9 1 7 13) , 22789,00

(9 8 5 11) , 22784,00

(4 10 7 2) , 22779,00

(10 8 8 9) , 22779,00

(9 10 7 1) , 22779,00

(11 7 7 9) , 22778,00

(12 2 5 9) , 22773,00

(4 5 10 10) , 22772,00

(3 1 3 20) , 22770,00

(14 8 4 3) , 22769,00

(0 7 5 13) , 22766,00

(9 10 3 9) , 22764,00

(11 8 1 9) , 22763,00

(11 8 7 9) , 22763,00

(11 8 7 9) , 22763,00

(11 8 6 9) , 22763,00

(11 8 6 9) , 22763,00

(11 8 7 9) , 22763,00

(11 8 7 9) , 22763,00

(9 1 12 9) , 22762,00

(9 2 12 2) , 22751,00

(5 8 7 12) , 22748,00

(9 8 7 11) , 22745,00

(9 8 7 11) , 22745,00

(11 14 1 4) , 22744,00

(12 7 5 8) , 22739,00

(7 8 7 12) , 22737,00

(13 2 1 8) , 22734,00

(9 11 7 1) , 22730,00

(1 11 7 1) , 22730,00

(14 8 7 4) , 22728,00

(1 8 9 9) , 22709,00

(9 8 9 7) , 22709,00

(9 8 9 9) , 22709,00

(9 8 9 7) , 22709,00

(4 8 9 9) , 22709,00

(1 8 9 9) , 22709,00

(9 8 9 9) , 22709,00

(9 8 9 3) , 22709,00

(6 8 9 1) , 22709,00

(8 9 7 11) , 22696,00

(6 11 5 9) , 22694,00

(2 11 5 9) , 22694,00

(9 11 4 9) , 22694,00

(15 8 7 3) , 22689,00

(0 5 11 9) , 22688,00

(9 10 7 9) , 22686,00

(2 8 8 12) , 22684,00

(8 8 7 12) , 22682,00

(9 6 2 14) , 22675,00

(2 7 10 9) , 22674,00

(8 11 7 7) , 22671,00

(17 7 1 0) , 22667,00

(17 7 0 0) , 22667,00

(17 3 11 0) , 22656,00

(2 3 5 19) , 22653,00

(2 11 6 9) , 22651,00

(9 11 6 9) , 22651,00

(12 8 7 9) , 22643,00

(12 8 7 9) , 22643,00

(4 8 7 14) , 22634,00

(6 8 10 9) , 22625,00

(1 8 10 7) , 22625,00

(6 8 10 8) , 22625,00

(7 8 10 9) , 22625,00

(5 11 7 8) , 22619,00

(9 8 8 11) , 22619,00

(9 15 6 0) , 22618,00

(9 14 4 6) , 22618,00

(9 17 3 1) , 22605,00

(14 8 5 7) , 22605,00

(7 8 7 13) , 22603,00

(12 7 8 9) , 22602,00

(14 3 2 9) , 22598,00

(12 14 2 5) , 22592,00

(17 4 9 3) , 22589,00

(8 14 1 7) , 22588,00

(15 4 5 7) , 22585,00

(9 8 4 13) , 22581,00

(16 2 4 6) , 22576,00

(13 6 7 9) , 22576,00

(9 14 7 2) , 22574,00

(9 14 7 2) , 22574,00

(14 5 4 9) , 22568,00

(9 11 7 9) , 22567,00

(9 11 7 9) , 22567,00

(10 3 12 9) , 22567,00

(9 8 10 9) , 22564,00

(9 8 10 9) , 22564,00

(9 2 7 14) , 22563,00

(1 17 3 2) , 22553,00

(3 16 1 5) , 22552,00

(7 6 1 17) , 22549,00

(1 11 6 11) , 22547,00

(9 13 3 9) , 22545,00

(9 8 11 1) , 22541,00

(1 8 11 9) , 22541,00

(9 8 11 5) , 22541,00

(5 8 11 9) , 22541,00

(2 8 11 9) , 22541,00

(2 8 11 9) , 22541,00

(9 8 11 1) , 22541,00

(9 6 10 11) , 22540,00

(0 8 7 16) , 22540,00

(9 17 2 4) , 22533,00

(9 12 6 9) , 22532,00

(8 8 7 13) , 22530,00

(7 8 11 9) , 22528,00

(17 11 5 2) , 22525,00

(10 10 5 11) , 22522,00

(9 8 5 13) , 22519,00

(6 14 4 8) , 22514,00

(13 8 7 9) , 22504,00

(3 10 5 14) , 22504,00

(0 9 7 15) , 22493,00

(14 8 5 9) , 22489,00

(9 7 11 9) , 22488,00

(9 7 11 9) , 22488,00

(9 7 11 9) , 22488,00

(9 7 11 9) , 22488,00

(16 8 1 6) , 22486,00

(6 14 1 9) , 22484,00

(2 14 3 9) , 22484,00

(5 1 9 17) , 22481,00

(14 3 7 9) , 22477,00

(7 4 7 16) , 22474,00

(11 12 0 9) , 22470,00

(17 6 9 4) , 22468,00

(4 15 2 8) , 22466,00

(9 13 9 1) , 22464,00

(2 11 7 11) , 22463,00

(9 8 12 2) , 22457,00

(6 8 12 8) , 22457,00

(9 8 12 3) , 22457,00

(17 5 5 6) , 22449,00

(9 12 7 9) , 22448,00

(9 15 4 7) , 22447,00

(17 11 7 1) , 22439,00

(2 0 7 21) , 22434,00

(4 13 7 7) , 22433,00

(15 8 3 9) , 22431,00

(4 15 5 6) , 22415,00

(9 17 6 0) , 22405,00

(16 8 0 8) , 22404,00

(9 1 7 15) , 22402,00

(9 14 6 7) , 22398,00

(14 8 6 9) , 22393,00

(9 16 7 1) , 22388,00

(9 8 7 13) , 22383,00

(7 8 12 9) , 22382,00

(9 13 7 8) , 22381,00

(9 15 0 9) , 22375,00

(12 8 9 9) , 22371,00

(16 7 1 9) , 22362,00

(17 5 12 2) , 22362,00

(16 1 4 9) , 22350,00

(1 16 1 9) , 22344,00

(16 6 5 8) , 22344,00

(1 13 7 9) , 22329,00

(1 13 7 9) , 22329,00

(0 13 7 9) , 22329,00

(5 13 7 9) , 22329,00

(9 8 10 11) , 22327,00

(9 3 5 16) , 22325,00

(9 13 7 9) , 22320,00

(9 13 7 9) , 22320,00

(9 13 7 9) , 22320,00

(9 13 7 9) , 22320,00

(9 13 7 9) , 22320,00

(9 13 7 9) , 22320,00

(3 15 3 11) , 22310,00

(7 8 11 11) , 22307,00

(9 15 4 9) , 22304,00

(9 3 3 17) , 22301,00

(14 8 7 9) , 22297,00

(5 8 10 13) , 22295,00

(8 14 6 9) , 22294,00

(15 8 7 8) , 22287,00

(10 13 10 5) , 22285,00

(14 3 7 10) , 22280,00

(1 17 1 9) , 22274,00

(7 17 1 9) , 22274,00

(9 8 12 9) , 22272,00

(9 8 12 9) , 22272,00

(9 8 12 9) , 22272,00

(9 8 12 9) , 22272,00

(9 8 12 9) , 22272,00

(8 13 7 10) , 22270,00

(4 15 5 9) , 22259,00

(15 6 6 9) , 22258,00

(13 14 9 3) , 22256,00

(9 6 8 14) , 22250,00

(9 14 11 0) , 22247,00

(0 8 4 20) , 22236,00

(4 8 7 17) , 22232,00

(0 11 11 9) , 22231,00

(3 8 4 19) , 22205,00

(16 7 8 7) , 22202,00

(15 5 7 9) , 22198,00

(17 8 1 9) , 22195,00

(9 13 8 9) , 22194,00

(8 17 3 9) , 22189,00

(9 14 7 9) , 22185,00

(9 14 7 9) , 22185,00

(7 8 10 13) , 22185,00

(9 14 7 9) , 22185,00

(9 8 11 11) , 22181,00

(2 13 7 12) , 22173,00

(14 13 3 9) , 22138,00

(9 15 6 9) , 22136,00

(9 16 7 6) , 22128,00

(15 7 7 9) , 22126,00

(15 10 5 9) , 22117,00

(14 11 1 11) , 22104,00

(8 8 7 15) , 22092,00

(5 15 7 9) , 22091,00

(15 8 7 9) , 22090,00

(15 8 7 9) , 22090,00

(15 8 7 9) , 22090,00

(12 5 12 9) , 22086,00

(15 8 5 10) , 22080,00

(9 16 3 11) , 22068,00

(2 17 7 5) , 22061,00

(1 13 11 8) , 22045,00

(1 11 2 20) , 22032,00

(9 15 7 9) , 22030,00

(2 12 12 9) , 22028,00

(2 17 5 9) , 22021,00

(9 13 8 10) , 22019,00

(9 1 7 17) , 22008,00

(4 15 8 9) , 22007,00

(5 17 9 3) , 21997,00

(8 2 7 18) , 21981,00

(9 8 6 15) , 21981,00

(9 8 6 15) , 21981,00

(15 3 6 11) , 21972,00

(3 16 7 9) , 21972,00

(9 8 1 17) , 21963,00

(2 17 7 7) , 21957,00

(9 11 3 15) , 21951,00

(13 12 7 9) , 21951,00

(0 7 4 23) , 21923,00

(15 6 9 9) , 21920,00

(6 16 9 7) , 21908,00

(9 13 12 7) , 21887,00

(9 8 7 15) , 21885,00

(16 8 7 9) , 21883,00

(9 16 7 9) , 21875,00

(16 3 9 9) , 21871,00

(1 8 8 20) , 21869,00

(1 17 7 9) , 21853,00

(1 17 7 9) , 21853,00

(7 17 7 9) , 21853,00

(14 8 7 11) , 21846,00

(17 5 7 9) , 21784,00

(6 15 11 8) , 21784,00

(9 17 11 4) , 21777,00

(6 8 7 18) , 21759,00

(9 13 11 9) , 21756,00

(9 8 12 12) , 21752,00

(9 9 7 15) , 21750,00

(7 4 7 19) , 21727,00

(9 8 8 15) , 21725,00

(9 17 7 9) , 21720,00

(9 17 7 9) , 21720,00

(9 17 7 9) , 21720,00

(9 11 11 11) , 21716,00

(17 7 7 9) , 21712,00

(9 1 1 21) , 21709,00

(9 8 11 13) , 21683,00

(17 8 7 9) , 21676,00

(17 8 7 9) , 21676,00

(15 8 7 11) , 21639,00

(9 8 7 16) , 21636,00

(16 17 0 9) , 21630,00

(12 15 7 9) , 21625,00

(5 12 1 20) , 21620,00

(10 14 10 9) , 21612,00

(0 8 12 18) , 21608,00

(9 17 11 6) , 21607,00

(9 4 4 19) , 21601,00

(8 8 7 17) , 21594,00

(15 8 10 9) , 21570,00

(15 16 5 8) , 21526,00

(14 16 12 3) , 21520,00

(5 6 1 23) , 21509,00

(3 10 6 21) , 21493,00

(7 1 5 22) , 21490,00

(9 8 6 17) , 21483,00

(15 17 3 9) , 21482,00

(5 8 7 20) , 21468,00

(11 17 7 9) , 21450,00

(6 1 5 23) , 21448,00

(9 15 11 9) , 21446,00

(1 17 12 9) , 21433,00

(16 8 7 11) , 21432,00

(9 17 9 9) , 21428,00

(17 5 10 9) , 21411,00

(8 8 11 15) , 21392,00

(3 17 12 9) , 21389,00

(9 8 7 17) , 21387,00

(14 8 4 14) , 21387,00

(9 8 7 17) , 21387,00

(0 15 1 23) , 21383,00

(16 8 11 8) , 21380,00

(6 7 7 20) , 21367,00

(9 6 7 18) , 21350,00

(17 8 9 9) , 21336,00

(9 8 5 18) , 21330,00

(17 7 7 11) , 21318,00

(0 17 11 12) , 21298,00

(2 9 6 23) , 21295,00

(9 16 11 9) , 21291,00

(1 8 9 22) , 21285,00

(9 12 7 15) , 21285,00

(9 17 10 9) , 21282,00

(17 11 7 9) , 21278,00

(10 7 2 19) , 21268,00

(9 4 5 20) , 21256,00

(15 14 7 9) , 21227,00

(10 1 7 20) , 21175,00

(9 3 7 20) , 21170,00

(9 3 7 20) , 21170,00

(10 0 3 22) , 21167,00

(9 16 12 9) , 21145,00

(9 8 7 18) , 21138,00

(15 7 1 16) , 21076,00

(9 15 7 14) , 21069,00

(17 7 11 9) , 21061,00

(7 4 9 21) , 21037,00

(6 8 7 21) , 21012,00

(11 15 12 9) , 21000,00

(12 16 10 9) , 20998,00

(9 8 6 19) , 20985,00

(17 8 11 9) , 20976,00

(14 17 7 9) , 20969,00

(9 8 1 21) , 20967,00

(9 0 12 20) , 20921,00

(10 17 5 14) , 20912,00

(17 8 9 11) , 20885,00

(3 13 7 21) , 20878,00

(9 8 10 17) , 20867,00

(9 8 10 17) , 20867,00

(9 1 5 23) , 20827,00

(13 3 5 19) , 20783,00

(15 17 6 10) , 20693,00

(9 11 7 18) , 20693,00

(16 0 6 17) , 20691,00

(9 6 1 23) , 20681,00

(7 11 5 21) , 20679,00

(16 8 10 12) , 20663,00

(16 6 7 15) , 20648,00

(9 8 7 20) , 20640,00

(9 15 2 19) , 20627,00

(16 8 0 17) , 20610,00

(9 6 7 21) , 20603,00

(16 11 12 9) , 20585,00

(9 4 7 22) , 20566,00

(7 8 7 22) , 20556,00

(13 8 10 15) , 20537,00

(9 4 5 23) , 20509,00

(8 8 9 20) , 20507,00

(6 8 10 21) , 20492,00

(9 3 12 20) , 20491,00

(14 17 7 11) , 20471,00

(9 17 10 13) , 20468,00

(9 2 8 23) , 20396,00

(9 4 7 23) , 20317,00

(0 17 7 23) , 20304,00

(15 10 6 16) , 20278,00

(9 4 11 21) , 20255,00

(3 14 7 23) , 20225,00

(8 7 7 23) , 20206,00

(15 8 11 14) , 20192,00

(7 16 2 22) , 20188,00

(9 8 7 22) , 20142,00

(9 8 7 22) , 20142,00

(9 8 7 22) , 20142,00

(9 15 11 15) , 20100,00

(17 7 7 16) , 20086,00

(17 1 10 17) , 20064,00

(9 0 12 23) , 20044,00

(11 1 12 21) , 20039,00

(9 8 12 19) , 20009,00

(9 15 6 19) , 20004,00

(14 15 3 17) , 19994,00

(9 14 7 19) , 19979,00

(11 8 7 21) , 19977,00

(11 14 3 20) , 19974,00

(9 9 10 20) , 19965,00

(10 9 12 18) , 19896,00

(9 8 7 23) , 19893,00

(15 8 2 20) , 19878,00

(16 12 7 15) , 19836,00

(16 13 5 16) , 19792,00

(9 13 9 19) , 19774,00

(2 15 11 22) , 19769,00

(16 8 2 20) , 19671,00

(16 13 2 18) , 19639,00

(12 14 10 16) , 19565,00

(9 12 7 22) , 19542,00

(12 8 7 22) , 19516,00

(15 2 7 22) , 19465,00

(15 13 2 20) , 19348,00

(15 10 0 23) , 19111,00

(17 2 9 21) , 19033,00

(9 17 11 18) , 19002,00

(8 17 7 22) , 18974,00

(10 16 7 21) , 18964,00

(17 12 4 20) , 18848,00

(16 8 11 19) , 18640,00

(13 11 11 20) , 18558,00

(13 8 10 23) , 18334,00

(13 17 7 21) , 18188,00

(13 17 12 18) , 17910,00

(17 8 9 23) , 17641,00

----------------------------- 
